0	0
0.002	-0.01962
0.004	-0.03924
0.006	-0.05886
0.008	-0.07848
0.01	-0.0981
0.012	-0.11772
0.014	-0.13734
0.016	-0.15696
0.018	-0.17658
0.02	-0.1962
0.022	-0.21582
0.024	-0.23544
0.026	-0.25506
0.028	-0.27468
0.03	-0.294299
0.032	-0.313919
0.034	-0.333539
0.036	-0.353159
0.038	-0.372778
0.04	-0.392398
0.042	-0.412017
0.044	-0.431636
0.046	-0.451255
0.048	-0.470874
0.05	-0.490493
0.052	-0.510111
0.054	-0.529729
0.056	-0.549347
0.058	-0.568964
0.06	-0.588582
0.062	-0.608198
0.064	-0.627815
0.066	-0.64743
0.068	-0.667046
0.07	-0.68666
0.072	-0.706274
0.074	-0.725888
0.076	-0.7455
0.078	-0.765112
0.08	-0.784723
0.082	-0.804332
0.084	-0.823941
0.086	-0.843549
0.088	-0.863155
0.09	-0.882761
0.092	-0.902364
0.094	-0.921967
0.096	-0.941567
0.098	-0.961167
0.1	-0.980764
0.102	-1.00036
0.104	-1.01995
0.106	-1.03954
0.108	-1.05913
0.11	-1.07872
0.112	-1.0983
0.114	-1.11789
0.116	-1.13746
0.118	-1.15704
0.12	-1.17661
0.122	-1.19618
0.124	-1.21575
0.126	-1.23531
0.128	-1.25487
0.13	-1.27442
0.132	-1.29397
0.134	-1.31352
0.136	-1.33306
0.138	-1.3526
0.14	-1.37213
0.142	-1.39166
0.144	-1.41118
0.146	-1.4307
0.148	-1.45021
0.15	-1.46971
0.152	-1.48921
0.154	-1.5087
0.156	-1.52818
0.158	-1.54766
0.16	-1.56713
0.162	-1.58659
0.164	-1.60604
0.166	-1.62549
0.168	-1.64493
0.17	-1.66435
0.172	-1.68377
0.174	-1.70318
0.176	-1.72258
0.178	-1.74197
0.18	-1.76135
0.182	-1.78072
0.184	-1.80007
0.186	-1.81942
0.188	-1.83875
0.19	-1.85807
0.192	-1.87738
0.194	-1.89667
0.196	-1.91595
0.198	-1.93522
0.2	-1.95447
0.202	-1.97371
0.204	-1.99293
0.206	-2.01213
0.208	-2.03132
0.21	-2.0505
0.212	-2.06965
0.214	-2.08879
0.216	-2.10791
0.218	-2.12701
0.22	-2.14609
0.222	-2.16515
0.224	-2.18419
0.226	-2.20322
0.228	-2.22221
0.23	-2.24119
0.232	-2.26015
0.234	-2.27908
0.236	-2.29799
0.238	-2.31687
0.24	-2.33573
0.242	-2.35456
0.244	-2.37337
0.246	-2.39215
0.248	-2.4109
0.25	-2.42963
0.252	-2.44832
0.254	-2.46699
0.256	-2.48563
0.258	-2.50423
0.26	-2.52281
0.262	-2.54135
0.264	-2.55986
0.266	-2.57834
0.268	-2.59678
0.27	-2.61519
0.272	-2.63356
0.274	-2.65189
0.276	-2.67019
0.278	-2.68845
0.28	-2.70667
0.282	-2.72485
0.284	-2.74299
0.286	-2.76109
0.288	-2.77915
0.29	-2.79716
0.292	-2.81513
0.294	-2.83306
0.296	-2.85094
0.298	-2.86877
0.3	-2.88656
0.302	-2.9043
0.304	-2.92199
0.306	-2.93963
0.308	-2.95722
0.31	-2.97475
0.312	-2.99224
0.314	-3.00967
0.316	-3.02704
0.318	-3.04437
0.32	-3.06163
0.322	-3.07884
0.324	-3.09599
0.326	-3.11308
0.328	-3.1301
0.33	-3.14707
0.332	-3.16398
0.334	-3.18082
0.336	-3.1976
0.338	-3.21431
0.34	-3.23095
0.342	-3.24753
0.344	-3.26404
0.346	-3.28048
0.348	-3.29685
0.35	-3.31315
0.352	-3.32938
0.354	-3.34553
0.356	-3.3616
0.358	-3.3776
0.36	-3.39353
0.362	-3.40937
0.364	-3.42514
0.366	-3.44083
0.368	-3.45643
0.37	-3.47195
0.372	-3.48739
0.374	-3.50274
0.376	-3.51801
0.378	-3.53319
0.38	-3.54828
0.382	-3.56328
0.384	-3.5782
0.386	-3.59302
0.388	-3.60774
0.39	-3.62238
0.392	-3.63692
0.394	-3.65136
0.396	-3.6657
0.398	-3.67995
0.4	-3.6941
0.402	-3.70814
0.404	-3.72209
0.406	-3.73593
0.408	-3.74967
0.41	-3.7633
0.412	-3.77682
0.414	-3.79024
0.416	-3.80355
0.418	-3.81674
0.42	-3.82983
0.422	-3.84281
0.424	-3.85567
0.426	-3.86841
0.428	-3.88104
0.43	-3.89356
0.432	-3.90595
0.434	-3.91823
0.436	-3.93038
0.438	-3.94242
0.44	-3.95433
0.442	-3.96612
0.444	-3.97778
0.446	-3.98932
0.448	-4.00073
0.45	-4.01201
0.452	-4.02317
0.454	-4.03419
0.456	-4.04508
0.458	-4.05584
0.46	-4.06647
0.462	-4.07696
0.464	-4.08732
0.466	-4.09754
0.468	-4.10762
0.47	-4.11756
0.472	-4.12736
0.474	-4.13703
0.476	-4.14655
0.478	-4.15593
0.48	-4.16516
0.482	-4.17425
0.484	-4.1832
0.486	-4.192
0.488	-4.20065
0.49	-4.20915
0.492	-4.21751
0.494	-4.22571
0.496	-4.23377
0.498	-4.24167
0.5	-4.24942
0.502	-4.25701
0.504	-4.26445
0.506	-4.27174
0.508	-4.27887
0.51	-4.28584
0.512	-4.29266
0.514	-4.29932
0.516	-4.30581
0.518	-4.31215
0.52	-4.31833
0.522	-4.32435
0.524	-4.33021
0.526	-4.3359
0.528	-4.34143
0.53	-4.3468
0.532	-4.352
0.534	-4.35704
0.536	-4.36191
0.538	-4.36662
0.54	-4.37116
0.542	-4.37553
0.544	-4.37973
0.546	-4.38377
0.548	-4.38764
0.55	-4.39134
0.552	-4.39487
0.554	-4.39823
0.556	-4.40142
0.558	-4.40444
0.56	-4.40729
0.562	-4.40997
0.564	-4.41248
0.566	-4.41481
0.568	-4.41697
0.57	-4.41896
0.572	-4.42078
0.574	-4.42243
0.576	-4.4239
0.578	-4.4252
0.58	-4.42632
0.582	-4.42727
0.584	-4.42805
0.586	-4.42866
0.588	-4.42909
0.59	-4.42934
0.592	-4.42943
0.594	-4.42934
0.596	-4.42907
0.598	-4.42864
0.6	-4.42802
0.602	-4.42724
0.604	-4.42628
0.606	-4.42515
0.608	-4.42384
0.61	-4.42236
0.612	-4.42071
0.614	-4.41889
0.616	-4.41689
0.618	-4.41472
0.62	-4.41238
0.622	-4.40987
0.624	-4.40718
0.626	-4.40432
0.628	-4.4013
0.63	-4.3981
0.632	-4.39473
0.634	-4.3912
0.636	-4.38749
0.638	-4.38361
0.64	-4.37957
0.642	-4.37536
0.644	-4.37098
0.646	-4.36643
0.648	-4.36172
0.65	-4.35684
0.652	-4.35179
0.654	-4.34658
0.656	-4.34121
0.658	-4.33567
0.66	-4.32997
0.662	-4.32411
0.664	-4.31809
0.666	-4.3119
0.668	-4.30556
0.67	-4.29905
0.672	-4.29239
0.674	-4.28556
0.676	-4.27858
0.678	-4.27145
0.68	-4.26416
0.682	-4.25671
0.684	-4.24911
0.686	-4.24135
0.688	-4.23344
0.69	-4.22538
0.692	-4.21717
0.694	-4.20881
0.696	-4.20031
0.698	-4.19165
0.7	-4.18284
0.702	-4.17389
0.704	-4.16479
0.706	-4.15555
0.708	-4.14617
0.71	-4.13664
0.712	-4.12697
0.714	-4.11716
0.716	-4.10721
0.718	-4.09713
0.72	-4.0869
0.722	-4.07654
0.724	-4.06604
0.726	-4.05541
0.728	-4.04465
0.73	-4.03375
0.732	-4.02272
0.734	-4.01156
0.736	-4.00027
0.738	-3.98886
0.74	-3.97732
0.742	-3.96565
0.744	-3.95385
0.746	-3.94194
0.748	-3.9299
0.75	-3.91774
0.752	-3.90546
0.754	-3.89306
0.756	-3.88054
0.758	-3.8679
0.76	-3.85515
0.762	-3.84229
0.764	-3.82931
0.766	-3.81622
0.768	-3.80301
0.77	-3.7897
0.772	-3.77628
0.774	-3.76275
0.776	-3.74911
0.778	-3.73537
0.78	-3.72153
0.782	-3.70758
0.784	-3.69353
0.786	-3.67938
0.788	-3.66513
0.79	-3.65078
0.792	-3.63633
0.794	-3.62179
0.796	-3.60715
0.798	-3.59242
0.8	-3.5776
0.802	-3.56268
0.804	-3.54768
0.806	-3.53258
0.808	-3.5174
0.81	-3.50213
0.812	-3.48677
0.814	-3.47133
0.816	-3.4558
0.818	-3.4402
0.82	-3.42451
0.822	-3.40874
0.824	-3.39289
0.826	-3.37696
0.828	-3.36096
0.83	-3.34488
0.832	-3.32873
0.834	-3.3125
0.836	-3.2962
0.838	-3.27982
0.84	-3.26338
0.842	-3.24687
0.844	-3.23029
0.846	-3.21364
0.848	-3.19692
0.85	-3.18014
0.852	-3.1633
0.854	-3.14639
0.856	-3.12942
0.858	-3.11239
0.86	-3.0953
0.862	-3.07815
0.864	-3.06094
0.866	-3.04367
0.868	-3.02635
0.87	-3.00897
0.872	-2.99154
0.874	-2.97405
0.876	-2.95651
0.878	-2.93892
0.88	-2.92128
0.882	-2.90359
0.884	-2.88584
0.886	-2.86806
0.888	-2.85022
0.89	-2.83234
0.892	-2.81441
0.894	-2.79644
0.896	-2.77842
0.898	-2.76036
0.9	-2.74226
0.902	-2.72412
0.904	-2.70594
0.906	-2.68772
0.908	-2.66946
0.91	-2.65116
0.912	-2.63282
0.914	-2.61445
0.916	-2.59604
0.918	-2.5776
0.92	-2.55912
0.922	-2.54061
0.924	-2.52206
0.926	-2.50349
0.928	-2.48488
0.93	-2.46624
0.932	-2.44757
0.934	-2.42888
0.936	-2.41015
0.938	-2.39139
0.94	-2.37261
0.942	-2.3538
0.944	-2.33497
0.946	-2.31611
0.948	-2.29723
0.95	-2.27832
0.952	-2.25938
0.954	-2.24043
0.956	-2.22145
0.958	-2.20245
0.96	-2.18343
0.962	-2.16439
0.964	-2.14532
0.966	-2.12624
0.968	-2.10714
0.97	-2.08802
0.972	-2.06888
0.974	-2.04973
0.976	-2.03055
0.978	-2.01136
0.98	-1.99216
0.982	-1.97293
0.984	-1.9537
0.986	-1.93444
0.988	-1.91518
0.99	-1.8959
0.992	-1.8766
0.994	-1.85729
0.996	-1.83797
0.998	-1.81864
1	-1.79929
1.002	-1.77994
1.004	-1.76057
1.006	-1.74119
1.008	-1.7218
1.01	-1.7024
1.012	-1.68299
1.014	-1.66357
1.016	-1.64414
1.018	-1.62471
1.02	-1.60526
1.022	-1.58581
1.024	-1.56634
1.026	-1.54688
1.028	-1.5274
1.03	-1.50791
1.032	-1.48842
1.034	-1.46892
1.036	-1.44942
1.038	-1.42991
1.04	-1.41039
1.042	-1.39087
1.044	-1.37135
1.046	-1.35181
1.048	-1.33228
1.05	-1.31273
1.052	-1.29319
1.054	-1.27364
1.056	-1.25408
1.058	-1.23452
1.06	-1.21496
1.062	-1.1954
1.064	-1.17583
1.066	-1.15625
1.068	-1.13668
1.07	-1.1171
1.072	-1.09752
1.074	-1.07793
1.076	-1.05835
1.078	-1.03876
1.08	-1.01916
1.082	-0.999571
1.084	-0.979976
1.086	-0.960378
1.088	-0.940779
1.09	-0.921178
1.092	-0.901576
1.094	-0.881972
1.096	-0.862367
1.098	-0.84276
1.1	-0.823153
1.102	-0.803544
1.104	-0.783934
1.106	-0.764323
1.108	-0.744711
1.11	-0.725099
1.112	-0.705485
1.114	-0.685871
1.116	-0.666257
1.118	-0.646641
1.12	-0.627026
1.122	-0.607409
1.124	-0.587793
1.126	-0.568175
1.128	-0.548558
1.13	-0.52894
1.132	-0.509322
1.134	-0.489704
1.136	-0.470085
1.138	-0.450466
1.14	-0.430847
1.142	-0.411228
1.144	-0.391608
1.146	-0.371989
1.148	-0.352369
1.15	-0.33275
1.152	-0.31313
1.154	-0.29351
1.156	-0.27389
1.158	-0.254271
1.16	-0.234651
1.162	-0.215031
1.164	-0.195411
1.166	-0.175791
1.168	-0.156171
1.17	-0.136551
1.172	-0.116931
1.174	-0.0973109
1.176	-0.0776909
1.178	-0.0580709
1.18	-0.0384509
1.182	-0.0188309
1.184	0.00078913
1.186	0.0204091
1.188	0.0400291
1.19	0.0596491
1.192	0.0792691
1.194	0.0988891
1.196	0.118509
1.198	0.138129
1.2	0.157749
1.202	0.177369
1.204	0.196989
1.206	0.216609
1.208	0.236229
1.21	0.255849
1.212	0.275469
1.214	0.295089
1.216	0.314708
1.218	0.334328
1.22	0.353948
1.222	0.373567
1.224	0.393187
1.226	0.412806
1.228	0.432425
1.23	0.452044
1.232	0.471663
1.234	0.491282
1.236	0.5109
1.238	0.530518
1.24	0.550136
1.242	0.569753
1.244	0.589371
1.246	0.608987
1.248	0.628604
1.25	0.648219
1.252	0.667835
1.254	0.687449
1.256	0.707063
1.258	0.726676
1.26	0.746289
1.262	0.765901
1.264	0.785511
1.266	0.805121
1.268	0.82473
1.27	0.844337
1.272	0.863944
1.274	0.883549
1.276	0.903153
1.278	0.922755
1.28	0.942356
1.282	0.961955
1.284	0.981552
1.286	1.00115
1.288	1.02074
1.29	1.04033
1.292	1.05992
1.294	1.07951
1.296	1.09909
1.298	1.11867
1.3	1.13825
1.302	1.15783
1.304	1.1774
1.306	1.19697
1.308	1.21653
1.31	1.2361
1.312	1.25566
1.314	1.27521
1.316	1.29476
1.318	1.31431
1.32	1.33385
1.322	1.35338
1.324	1.37292
1.326	1.39244
1.328	1.41196
1.33	1.43148
1.332	1.45099
1.334	1.47049
1.336	1.48999
1.338	1.50948
1.34	1.52896
1.342	1.54844
1.344	1.56791
1.346	1.58737
1.348	1.60683
1.35	1.62627
1.352	1.64571
1.354	1.66513
1.356	1.68455
1.358	1.70396
1.36	1.72336
1.362	1.74275
1.364	1.76213
1.366	1.7815
1.368	1.80085
1.37	1.8202
1.372	1.83953
1.374	1.85885
1.376	1.87815
1.378	1.89745
1.38	1.91673
1.382	1.93599
1.384	1.95524
1.386	1.97448
1.388	1.9937
1.39	2.01291
1.392	2.0321
1.394	2.05127
1.396	2.07042
1.398	2.08956
1.4	2.10868
1.402	2.12778
1.404	2.14686
1.406	2.16592
1.408	2.18496
1.41	2.20398
1.412	2.22298
1.414	2.24195
1.416	2.26091
1.418	2.27984
1.42	2.29875
1.422	2.31763
1.424	2.33649
1.426	2.35532
1.428	2.37413
1.43	2.3929
1.432	2.41166
1.434	2.43038
1.436	2.44908
1.438	2.46774
1.44	2.48638
1.442	2.50498
1.444	2.52356
1.446	2.5421
1.448	2.56061
1.45	2.57908
1.452	2.59752
1.454	2.61593
1.456	2.6343
1.458	2.65263
1.46	2.67093
1.462	2.68918
1.464	2.7074
1.466	2.72558
1.468	2.74372
1.47	2.76182
1.472	2.77987
1.474	2.79789
1.476	2.81585
1.478	2.83378
1.48	2.85166
1.482	2.86949
1.484	2.88727
1.486	2.90501
1.488	2.9227
1.49	2.94034
1.492	2.95792
1.494	2.97546
1.496	2.99294
1.498	3.01037
1.5	3.02774
1.502	3.04506
1.504	3.06232
1.506	3.07953
1.508	3.09667
1.51	3.11376
1.512	3.13079
1.514	3.14775
1.516	3.16466
1.518	3.1815
1.52	3.19827
1.522	3.21498
1.524	3.23162
1.526	3.2482
1.528	3.26471
1.53	3.28114
1.532	3.29751
1.534	3.3138
1.536	3.33003
1.538	3.34618
1.54	3.36225
1.542	3.37825
1.544	3.39417
1.546	3.41001
1.548	3.42577
1.55	3.44145
1.552	3.45706
1.554	3.47257
1.556	3.48801
1.558	3.50336
1.56	3.51862
1.562	3.5338
1.564	3.54889
1.566	3.56389
1.568	3.57879
1.57	3.59361
1.572	3.60833
1.574	3.62296
1.576	3.6375
1.578	3.65194
1.58	3.66628
1.582	3.68052
1.584	3.69466
1.586	3.70871
1.588	3.72265
1.59	3.73648
1.592	3.75022
1.594	3.76384
1.596	3.77736
1.598	3.79078
1.6	3.80408
1.602	3.81727
1.604	3.83035
1.606	3.84332
1.608	3.85618
1.61	3.86892
1.612	3.88155
1.614	3.89406
1.616	3.90645
1.618	3.91872
1.62	3.93087
1.622	3.9429
1.624	3.95481
1.626	3.96659
1.628	3.97825
1.63	3.98978
1.632	4.00119
1.634	4.01246
1.636	4.02361
1.638	4.03463
1.64	4.04552
1.642	4.05627
1.644	4.06689
1.646	4.07738
1.648	4.08773
1.65	4.09794
1.652	4.10802
1.654	4.11796
1.656	4.12776
1.658	4.13741
1.66	4.14693
1.662	4.1563
1.664	4.16553
1.666	4.17462
1.668	4.18356
1.67	4.19235
1.672	4.201
1.674	4.20949
1.676	4.21784
1.678	4.22604
1.68	4.23409
1.682	4.24198
1.684	4.24972
1.686	4.25731
1.688	4.26475
1.69	4.27203
1.692	4.27915
1.694	4.28612
1.696	4.29293
1.698	4.29958
1.7	4.30607
1.702	4.3124
1.704	4.31858
1.706	4.32459
1.708	4.33044
1.71	4.33613
1.712	4.34165
1.714	4.34701
1.716	4.35221
1.718	4.35724
1.72	4.3621
1.722	4.3668
1.724	4.37134
1.726	4.3757
1.728	4.3799
1.73	4.38393
1.732	4.38779
1.734	4.39149
1.736	4.39501
1.738	4.39836
1.74	4.40155
1.742	4.40456
1.744	4.4074
1.746	4.41007
1.748	4.41257
1.75	4.4149
1.752	4.41706
1.754	4.41904
1.756	4.42085
1.758	4.42249
1.76	4.42395
1.762	4.42524
1.764	4.42636
1.766	4.42731
1.768	4.42808
1.77	4.42868
1.772	4.4291
1.774	4.42935
1.776	4.42943
1.778	4.42933
1.78	4.42906
1.782	4.42861
1.784	4.428
1.786	4.4272
1.788	4.42624
1.79	4.4251
1.792	4.42379
1.794	4.4223
1.796	4.42064
1.798	4.41881
1.8	4.41681
1.802	4.41463
1.804	4.41228
1.806	4.40976
1.808	4.40707
1.81	4.40421
1.812	4.40117
1.814	4.39797
1.816	4.39459
1.818	4.39105
1.82	4.38734
1.822	4.38345
1.824	4.3794
1.826	4.37518
1.828	4.3708
1.83	4.36624
1.832	4.36152
1.834	4.35664
1.836	4.35159
1.838	4.34637
1.84	4.34099
1.842	4.33545
1.844	4.32974
1.846	4.32387
1.848	4.31784
1.85	4.31165
1.852	4.3053
1.854	4.29879
1.856	4.29212
1.858	4.28529
1.86	4.2783
1.862	4.27116
1.864	4.26386
1.866	4.25641
1.868	4.2488
1.87	4.24104
1.872	4.23312
1.874	4.22506
1.876	4.21684
1.878	4.20847
1.88	4.19996
1.882	4.1913
1.884	4.18249
1.886	4.17353
1.888	4.16443
1.89	4.15518
1.892	4.14579
1.894	4.13626
1.896	4.12658
1.898	4.11677
1.9	4.10681
1.902	4.09672
1.904	4.08649
1.906	4.07612
1.908	4.06562
1.91	4.05498
1.912	4.04421
1.914	4.03331
1.916	4.02227
1.918	4.01111
1.92	3.99982
1.922	3.9884
1.924	3.97685
1.926	3.96518
1.928	3.95338
1.93	3.94146
1.932	3.92941
1.934	3.91725
1.936	3.90496
1.938	3.89255
1.94	3.88003
1.942	3.86739
1.944	3.85464
1.946	3.84177
1.948	3.82878
1.95	3.81569
1.952	3.80248
1.954	3.78916
1.956	3.77574
1.958	3.7622
1.96	3.74856
1.962	3.73482
1.964	3.72097
1.966	3.70702
1.968	3.69296
1.97	3.67881
1.972	3.66455
1.974	3.6502
1.976	3.63575
1.978	3.6212
1.98	3.60656
1.982	3.59183
1.984	3.577
1.986	3.56208
1.988	3.54707
1.99	3.53197
1.992	3.51678
1.994	3.50151
1.996	3.48615
1.998	3.47071
2	3.45518
2.002	3.43957
2.004	3.42387
2.006	3.4081
2.008	3.39225
2.01	3.37632
2.012	3.36031
2.014	3.34423
2.016	3.32807
2.018	3.31184
2.02	3.29554
2.022	3.27916
2.024	3.26272
2.026	3.2462
2.028	3.22962
2.03	3.21297
2.032	3.19625
2.034	3.17947
2.036	3.16262
2.038	3.14571
2.04	3.12874
2.042	3.1117
2.044	3.09461
2.046	3.07746
2.048	3.06024
2.05	3.04297
2.052	3.02565
2.054	3.00827
2.056	2.99083
2.058	2.97334
2.06	2.9558
2.062	2.93821
2.064	2.92057
2.066	2.90287
2.068	2.88513
2.07	2.86734
2.072	2.8495
2.074	2.83162
2.076	2.81369
2.078	2.79572
2.08	2.7777
2.082	2.75964
2.084	2.74153
2.086	2.72339
2.088	2.70521
2.09	2.68698
2.092	2.66872
2.094	2.65042
2.096	2.63208
2.098	2.61371
2.1	2.5953
2.102	2.57685
2.104	2.55837
2.106	2.53986
2.108	2.52132
2.11	2.50274
2.112	2.48413
2.114	2.46549
2.116	2.44682
2.118	2.42812
2.12	2.4094
2.122	2.39064
2.124	2.37186
2.126	2.35305
2.128	2.33421
2.13	2.31535
2.132	2.29647
2.134	2.27756
2.136	2.25862
2.138	2.23967
2.14	2.22069
2.142	2.20169
2.144	2.18266
2.146	2.16362
2.148	2.14456
2.15	2.12547
2.152	2.10637
2.154	2.08725
2.156	2.06811
2.158	2.04896
2.16	2.02978
2.162	2.01059
2.164	1.99138
2.166	1.97216
2.168	1.95292
2.17	1.93367
2.172	1.9144
2.174	1.89512
2.176	1.87582
2.178	1.85652
2.18	1.8372
2.182	1.81786
2.184	1.79852
2.186	1.77916
2.188	1.75979
2.19	1.74041
2.192	1.72102
2.194	1.70162
2.196	1.68221
2.198	1.66279
2.2	1.64336
2.202	1.62392
2.204	1.60448
2.206	1.58502
2.208	1.56556
2.21	1.54609
2.212	1.52661
2.214	1.50713
2.216	1.48764
2.218	1.46814
2.22	1.44864
2.222	1.42913
2.224	1.40961
2.226	1.39009
2.228	1.37056
2.23	1.35103
2.232	1.33149
2.234	1.31195
2.236	1.2924
2.238	1.27285
2.24	1.2533
2.242	1.23374
2.244	1.21417
2.246	1.19461
2.248	1.17504
2.25	1.15547
2.252	1.13589
2.254	1.11631
2.256	1.09673
2.258	1.07714
2.26	1.05756
2.262	1.03797
2.264	1.01838
2.266	0.998783
2.268	0.979187
2.27	0.95959
2.272	0.939991
2.274	0.92039
2.276	0.900787
2.278	0.881184
2.28	0.861578
2.282	0.841972
2.284	0.822364
2.286	0.802755
2.288	0.783145
2.29	0.763534
2.292	0.743922
2.294	0.72431
2.296	0.704697
2.298	0.685082
2.3	0.665468
2.302	0.645852
2.304	0.626237
2.306	0.60662
2.308	0.587004
2.31	0.567386
2.312	0.547769
2.314	0.528151
2.316	0.508533
2.318	0.488914
2.32	0.469296
2.322	0.449677
2.324	0.430058
2.326	0.410439
2.328	0.390819
2.33	0.3712
2.332	0.35158
2.334	0.331961
2.336	0.312341
2.338	0.292721
2.34	0.273101
2.342	0.253481
2.344	0.233862
2.346	0.214242
2.348	0.194622
2.35	0.175002
2.352	0.155382
2.354	0.135762
2.356	0.116142
2.358	0.0965217
2.36	0.0769017
2.362	0.0572817
2.364	0.0376617
2.366	0.0180417
2.368	-0.00157826
2.37	-0.0211983
2.372	-0.0408183
2.374	-0.0604383
2.376	-0.0800583
2.378	-0.0996783
2.38	-0.119298
2.382	-0.138918
2.384	-0.158538
2.386	-0.178158
2.388	-0.197778
2.39	-0.217398
2.392	-0.237018
2.394	-0.256638
2.396	-0.276258
2.398	-0.295878
2.4	-0.315497
2.402	-0.335117
2.404	-0.354737
2.406	-0.374356
2.408	-0.393976
2.41	-0.413595
2.412	-0.433214
2.414	-0.452833
2.416	-0.472452
2.418	-0.492071
2.42	-0.511689
2.422	-0.531307
2.424	-0.550925
2.426	-0.570543
2.428	-0.59016
2.43	-0.609776
2.432	-0.629393
2.434	-0.649008
2.436	-0.668623
2.438	-0.688238
2.44	-0.707852
2.442	-0.727465
2.444	-0.747078
2.446	-0.766689
2.448	-0.7863
2.45	-0.80591
2.452	-0.825519
2.454	-0.845126
2.456	-0.864732
2.458	-0.884338
2.46	-0.903941
2.462	-0.923543
2.464	-0.943144
2.466	-0.962743
2.468	-0.98234
2.47	-1.00194
2.472	-1.02153
2.474	-1.04112
2.476	-1.06071
2.478	-1.0803
2.48	-1.09988
2.482	-1.11946
2.484	-1.13904
2.486	-1.15861
2.488	-1.17819
2.49	-1.19776
2.492	-1.21732
2.494	-1.23688
2.496	-1.25644
2.498	-1.276
2.5	-1.29555
2.502	-1.31509
2.504	-1.33463
2.506	-1.35417
2.508	-1.3737
2.51	-1.39323
2.512	-1.41275
2.514	-1.43226
2.516	-1.45177
2.518	-1.47128
2.52	-1.49077
2.522	-1.51026
2.524	-1.52975
2.526	-1.54922
2.528	-1.56869
2.53	-1.58815
2.532	-1.60761
2.534	-1.62705
2.536	-1.64649
2.538	-1.66592
2.54	-1.68533
2.542	-1.70474
2.544	-1.72414
2.546	-1.74353
2.548	-1.76291
2.55	-1.78227
2.552	-1.80163
2.554	-1.82097
2.556	-1.8403
2.558	-1.85962
2.56	-1.87893
2.562	-1.89822
2.564	-1.9175
2.566	-1.93677
2.568	-1.95602
2.57	-1.97525
2.572	-1.99447
2.574	-2.01368
2.576	-2.03287
2.578	-2.05204
2.58	-2.07119
2.582	-2.09033
2.584	-2.10945
2.586	-2.12855
2.588	-2.14763
2.59	-2.16669
2.592	-2.18573
2.594	-2.20474
2.596	-2.22374
2.598	-2.24272
2.6	-2.26167
2.602	-2.2806
2.604	-2.29951
2.606	-2.31839
2.608	-2.33724
2.61	-2.35608
2.612	-2.37488
2.614	-2.39366
2.616	-2.41241
2.618	-2.43113
2.62	-2.44983
2.622	-2.46849
2.624	-2.48713
2.626	-2.50573
2.628	-2.5243
2.63	-2.54284
2.632	-2.56135
2.634	-2.57982
2.636	-2.59826
2.638	-2.61667
2.64	-2.63504
2.642	-2.65337
2.644	-2.67166
2.646	-2.68992
2.648	-2.70814
2.65	-2.72631
2.652	-2.74445
2.654	-2.76255
2.656	-2.7806
2.658	-2.79861
2.66	-2.81658
2.662	-2.8345
2.664	-2.85238
2.666	-2.87021
2.668	-2.88799
2.67	-2.90572
2.672	-2.92341
2.674	-2.94104
2.676	-2.95863
2.678	-2.97616
2.68	-2.99364
2.682	-3.01107
2.684	-3.02844
2.686	-3.04576
2.688	-3.06302
2.69	-3.08022
2.692	-3.09736
2.694	-3.11445
2.696	-3.13147
2.698	-3.14843
2.7	-3.16533
2.702	-3.18217
2.704	-3.19894
2.706	-3.21565
2.708	-3.23229
2.71	-3.24886
2.712	-3.26537
2.714	-3.2818
2.716	-3.29817
2.718	-3.31446
2.72	-3.33068
2.722	-3.34682
2.724	-3.36289
2.726	-3.37889
2.728	-3.39481
2.73	-3.41064
2.732	-3.4264
2.734	-3.44208
2.736	-3.45768
2.738	-3.4732
2.74	-3.48863
2.742	-3.50397
2.744	-3.51923
2.746	-3.53441
2.748	-3.54949
2.75	-3.56449
2.752	-3.57939
2.754	-3.5942
2.756	-3.60892
2.758	-3.62355
2.76	-3.63808
2.762	-3.65252
2.764	-3.66685
2.766	-3.68109
2.768	-3.69523
2.77	-3.70927
2.772	-3.7232
2.774	-3.73704
2.776	-3.75077
2.778	-3.76439
2.78	-3.7779
2.782	-3.79131
2.784	-3.80461
2.786	-3.8178
2.788	-3.83088
2.79	-3.84384
2.792	-3.8567
2.794	-3.86943
2.796	-3.88205
2.798	-3.89456
2.8	-3.90694
2.802	-3.91921
2.804	-3.93136
2.806	-3.94338
2.808	-3.95528
2.81	-3.96706
2.812	-3.97872
2.814	-3.99024
2.816	-4.00164
2.818	-4.01292
2.82	-4.02406
2.822	-4.03507
2.824	-4.04595
2.826	-4.0567
2.828	-4.06732
2.83	-4.0778
2.832	-4.08814
2.834	-4.09835
2.836	-4.10842
2.838	-4.11835
2.84	-4.12815
2.842	-4.1378
2.844	-4.14731
2.846	-4.15668
2.848	-4.1659
2.85	-4.17498
2.852	-4.18391
2.854	-4.1927
2.856	-4.20134
2.858	-4.20983
2.86	-4.21817
2.862	-4.22637
2.864	-4.23441
2.866	-4.2423
2.868	-4.25003
2.87	-4.25762
2.872	-4.26504
2.874	-4.27232
2.876	-4.27943
2.878	-4.2864
2.88	-4.2932
2.882	-4.29984
2.884	-4.30633
2.886	-4.31266
2.888	-4.31882
2.89	-4.32483
2.892	-4.33067
2.894	-4.33635
2.896	-4.34187
2.898	-4.34722
2.9	-4.35241
2.902	-4.35744
2.904	-4.36229
2.906	-4.36699
2.908	-4.37151
2.91	-4.37587
2.912	-4.38007
2.914	-4.38409
2.916	-4.38794
2.918	-4.39163
2.92	-4.39515
2.922	-4.39849
2.924	-4.40167
2.926	-4.40468
2.928	-4.40751
2.93	-4.41018
2.932	-4.41267
2.934	-4.41499
2.936	-4.41714
2.938	-4.41912
2.94	-4.42092
2.942	-4.42255
2.944	-4.42401
2.946	-4.42529
2.948	-4.4264
2.95	-4.42734
2.952	-4.42811
2.954	-4.4287
2.956	-4.42911
2.958	-4.42936
2.96	-4.42943
2.962	-4.42932
2.964	-4.42904
2.966	-4.42859
2.968	-4.42797
2.97	-4.42717
2.972	-4.42619
2.974	-4.42505
2.976	-4.42373
2.978	-4.42224
2.98	-4.42057
2.982	-4.41873
2.984	-4.41672
2.986	-4.41454
2.988	-4.41218
2.99	-4.40966
2.992	-4.40696
2.994	-4.40409
2.996	-4.40105
2.998	-4.39784
3	-4.39445
3.002	-4.3909
3.004	-4.38718
3.006	-4.38329
3.008	-4.37924
3.01	-4.37501
3.012	-4.37062
3.014	-4.36606
3.016	-4.36133
3.018	-4.35644
3.02	-4.35138
3.022	-4.34616
3.024	-4.34077
3.026	-4.33522
3.028	-4.32951
3.03	-4.32363
3.032	-4.3176
3.034	-4.3114
3.036	-4.30504
3.038	-4.29852
3.04	-4.29184
3.042	-4.28501
3.044	-4.27802
3.046	-4.27087
3.048	-4.26356
3.05	-4.2561
3.052	-4.24849
3.054	-4.24072
3.056	-4.2328
3.058	-4.22473
3.06	-4.21651
3.062	-4.20814
3.064	-4.19961
3.066	-4.19094
3.068	-4.18213
3.07	-4.17317
3.072	-4.16406
3.074	-4.1548
3.076	-4.14541
3.078	-4.13587
3.08	-4.12619
3.082	-4.11637
3.084	-4.10641
3.086	-4.09631
3.088	-4.08607
3.09	-4.0757
3.092	-4.06519
3.094	-4.05455
3.096	-4.04378
3.098	-4.03287
3.1	-4.02183
3.102	-4.01066
3.104	-3.99936
3.106	-3.98794
3.108	-3.97638
3.11	-3.9647
3.112	-3.9529
3.114	-3.94097
3.116	-3.92892
3.118	-3.91675
3.12	-3.90446
3.122	-3.89205
3.124	-3.87952
3.126	-3.86688
3.128	-3.85412
3.13	-3.84125
3.132	-3.82826
3.134	-3.81516
3.136	-3.80195
3.138	-3.78863
3.14	-3.7752
3.142	-3.76166
3.144	-3.74801
3.146	-3.73426
3.148	-3.72041
3.15	-3.70645
3.152	-3.6924
3.154	-3.67824
3.156	-3.66398
3.158	-3.64962
3.16	-3.63517
3.162	-3.62062
3.164	-3.60597
3.166	-3.59123
3.168	-3.5764
3.17	-3.56148
3.172	-3.54647
3.174	-3.53136
3.176	-3.51617
3.178	-3.50089
3.18	-3.48553
3.182	-3.47008
3.184	-3.45455
3.186	-3.43894
3.188	-3.42324
3.19	-3.40747
3.192	-3.39161
3.194	-3.37568
3.196	-3.35967
3.198	-3.34358
3.2	-3.32742
3.202	-3.31119
3.204	-3.29488
3.206	-3.2785
3.208	-3.26205
3.21	-3.24554
3.212	-3.22895
3.214	-3.2123
3.216	-3.19558
3.218	-3.17879
3.22	-3.16194
3.222	-3.14503
3.224	-3.12805
3.226	-3.11102
3.228	-3.09392
3.23	-3.07676
3.232	-3.05955
3.234	-3.04228
3.236	-3.02495
3.238	-3.00757
3.24	-2.99013
3.242	-2.97264
3.244	-2.9551
3.246	-2.9375
3.248	-2.91986
3.25	-2.90216
3.252	-2.88442
3.254	-2.86662
3.256	-2.84878
3.258	-2.8309
3.26	-2.81297
3.262	-2.79499
3.264	-2.77697
3.266	-2.75891
3.268	-2.74081
3.27	-2.72266
3.272	-2.70447
3.274	-2.68625
3.276	-2.66799
3.278	-2.64968
3.28	-2.63134
3.282	-2.61297
3.284	-2.59456
3.286	-2.57611
3.288	-2.55763
3.29	-2.53912
3.292	-2.52057
3.294	-2.50199
3.296	-2.48338
3.298	-2.46474
3.3	-2.44607
3.302	-2.42737
3.304	-2.40864
3.306	-2.38989
3.308	-2.3711
3.31	-2.35229
3.312	-2.33345
3.314	-2.31459
3.316	-2.29571
3.318	-2.2768
3.32	-2.25786
3.322	-2.2389
3.324	-2.21992
3.326	-2.20092
3.328	-2.1819
3.33	-2.16285
3.332	-2.14379
3.334	-2.12471
3.336	-2.1056
3.338	-2.08648
3.34	-2.06734
3.342	-2.04818
3.344	-2.02901
3.346	-2.00982
3.348	-1.99061
3.35	-1.97139
3.352	-1.95215
3.354	-1.93289
3.356	-1.91363
3.358	-1.89434
3.36	-1.87505
3.362	-1.85574
3.364	-1.83642
3.366	-1.81708
3.368	-1.79774
3.37	-1.77838
3.372	-1.75901
3.374	-1.73963
3.376	-1.72024
3.378	-1.70084
3.38	-1.68143
3.382	-1.66201
3.384	-1.64258
3.386	-1.62314
3.388	-1.6037
3.39	-1.58424
3.392	-1.56478
3.394	-1.54531
3.396	-1.52583
3.398	-1.50635
3.4	-1.48685
3.402	-1.46736
3.404	-1.44785
3.406	-1.42834
3.408	-1.40882
3.41	-1.3893
3.412	-1.36977
3.414	-1.35024
3.416	-1.3307
3.418	-1.31116
3.42	-1.29162
3.422	-1.27206
3.424	-1.25251
3.426	-1.23295
3.428	-1.21339
3.43	-1.19382
3.432	-1.17425
3.434	-1.15468
3.436	-1.1351
3.438	-1.11552
3.44	-1.09594
3.442	-1.07636
3.444	-1.05677
3.446	-1.03718
3.448	-1.01759
3.45	-0.997995
3.452	-0.978399
3.454	-0.958802
3.456	-0.939202
3.458	-0.919601
3.46	-0.899999
3.462	-0.880395
3.464	-0.86079
3.466	-0.841183
3.468	-0.821575
3.47	-0.801966
3.472	-0.782356
3.474	-0.762745
3.476	-0.743134
3.478	-0.723521
3.48	-0.703908
3.482	-0.684294
3.484	-0.664679
3.486	-0.645064
3.488	-0.625448
3.49	-0.605831
3.492	-0.586215
3.494	-0.566597
3.496	-0.54698
3.498	-0.527362
3.5	-0.507744
3.502	-0.488125
3.504	-0.468507
3.506	-0.448888
3.508	-0.429269
3.51	-0.40965
3.512	-0.39003
3.514	-0.370411
3.516	-0.350791
3.518	-0.331172
3.52	-0.311552
3.522	-0.291932
3.524	-0.272312
3.526	-0.252692
3.528	-0.233072
3.53	-0.213452
3.532	-0.193833
3.534	-0.174213
3.536	-0.154593
3.538	-0.134973
3.54	-0.115353
3.542	-0.0957326
3.544	-0.0761126
3.546	-0.0564926
3.548	-0.0368726
3.55	-0.0172526
3.552	0.00236739
3.554	0.0219874
3.556	0.0416074
3.558	0.0612274
3.56	0.0808474
3.562	0.100467
3.564	0.120087
3.566	0.139707
3.568	0.159327
3.57	0.178947
3.572	0.198567
3.574	0.218187
3.576	0.237807
3.578	0.257427
3.58	0.277047
3.582	0.296667
3.584	0.316287
3.586	0.335906
3.588	0.355526
3.59	0.375145
3.592	0.394765
3.594	0.414384
3.596	0.434003
3.598	0.453622
3.6	0.473241
3.602	0.49286
3.604	0.512478
3.606	0.532096
3.608	0.551714
3.61	0.571332
3.612	0.590949
3.614	0.610565
3.616	0.630182
3.618	0.649797
3.62	0.669412
3.622	0.689027
3.624	0.708641
3.626	0.728254
3.628	0.747867
3.63	0.767478
3.632	0.787089
3.634	0.806699
3.636	0.826307
3.638	0.845915
3.64	0.865521
3.642	0.885126
3.644	0.90473
3.646	0.924332
3.648	0.943932
3.65	0.963531
3.652	0.983128
3.654	1.00272
3.656	1.02232
3.658	1.04191
3.66	1.0615
3.662	1.08108
3.664	1.10067
3.666	1.12025
3.668	1.13983
3.67	1.1594
3.672	1.17897
3.674	1.19854
3.676	1.21811
3.678	1.23767
3.68	1.25723
3.682	1.27678
3.684	1.29633
3.686	1.31588
3.688	1.33542
3.69	1.35496
3.692	1.37449
3.694	1.39401
3.696	1.41353
3.698	1.43305
3.7	1.45256
3.702	1.47206
3.704	1.49156
3.706	1.51105
3.708	1.53053
3.71	1.55001
3.712	1.56948
3.714	1.58894
3.716	1.60839
3.718	1.62783
3.72	1.64727
3.722	1.6667
3.724	1.68611
3.726	1.70552
3.728	1.72492
3.73	1.74431
3.732	1.76369
3.734	1.78305
3.736	1.80241
3.738	1.82175
3.74	1.84108
3.742	1.8604
3.744	1.87971
3.746	1.899
3.748	1.91828
3.75	1.93754
3.752	1.95679
3.754	1.97603
3.756	1.99525
3.758	2.01445
3.76	2.03364
3.762	2.05281
3.764	2.07196
3.766	2.0911
3.768	2.11022
3.77	2.12931
3.772	2.14839
3.774	2.16745
3.776	2.18649
3.778	2.20551
3.78	2.22451
3.782	2.24348
3.784	2.26243
3.786	2.28136
3.788	2.30027
3.79	2.31915
3.792	2.338
3.794	2.35683
3.796	2.37564
3.798	2.39441
3.8	2.41316
3.802	2.43189
3.804	2.45058
3.806	2.46924
3.808	2.48788
3.81	2.50648
3.812	2.52505
3.814	2.54359
3.816	2.56209
3.818	2.58057
3.82	2.599
3.822	2.61741
3.824	2.63577
3.826	2.6541
3.828	2.6724
3.83	2.69065
3.832	2.70887
3.834	2.72704
3.836	2.74518
3.838	2.76327
3.84	2.78132
3.842	2.79933
3.844	2.8173
3.846	2.83522
3.848	2.85309
3.85	2.87092
3.852	2.8887
3.854	2.90644
3.856	2.92412
3.858	2.94175
3.86	2.95933
3.862	2.97687
3.864	2.99434
3.866	3.01177
3.868	3.02914
3.87	3.04645
3.872	3.06371
3.874	3.08091
3.876	3.09805
3.878	3.11513
3.88	3.13215
3.882	3.14912
3.884	3.16601
3.886	3.18285
3.888	3.19962
3.89	3.21632
3.892	3.23296
3.894	3.24953
3.896	3.26603
3.898	3.28246
3.9	3.29882
3.902	3.31511
3.904	3.33133
3.906	3.34747
3.908	3.36354
3.91	3.37953
3.912	3.39544
3.914	3.41128
3.916	3.42704
3.918	3.44271
3.92	3.45831
3.922	3.47382
3.924	3.48925
3.926	3.50459
3.928	3.51985
3.93	3.53502
3.932	3.5501
3.934	3.56509
3.936	3.57999
3.938	3.5948
3.94	3.60951
3.942	3.62414
3.944	3.63866
3.946	3.6531
3.948	3.66743
3.95	3.68166
3.952	3.6958
3.954	3.70983
3.956	3.72376
3.958	3.73759
3.96	3.75132
3.962	3.76493
3.964	3.77845
3.966	3.79185
3.968	3.80514
3.97	3.81833
3.972	3.8314
3.974	3.84436
3.976	3.85721
3.978	3.86994
3.98	3.88256
3.982	3.89506
3.984	3.90744
3.986	3.9197
3.988	3.93184
3.99	3.94386
3.992	3.95576
3.994	3.96753
3.996	3.97918
3.998	3.9907
4	4.0021
4.002	4.01337
4.004	4.0245
4.006	4.03551
4.008	4.04639
4.01	4.05713
4.012	4.06774
4.014	4.07822
4.016	4.08856
4.018	4.09876
4.02	4.10882
4.022	4.11875
4.024	4.12854
4.026	4.13818
4.028	4.14769
4.03	4.15705
4.032	4.16627
4.034	4.17534
4.036	4.18427
4.038	4.19305
4.04	4.20168
4.042	4.21017
4.044	4.21851
4.046	4.22669
4.048	4.23473
4.05	4.24261
4.052	4.25034
4.054	4.25792
4.056	4.26534
4.058	4.27261
4.06	4.27972
4.062	4.28667
4.064	4.29347
4.066	4.30011
4.068	4.30659
4.07	4.31291
4.072	4.31907
4.074	4.32507
4.076	4.3309
4.078	4.33658
4.08	4.34209
4.082	4.34743
4.084	4.35262
4.086	4.35763
4.088	4.36249
4.09	4.36717
4.092	4.37169
4.094	4.37605
4.096	4.38023
4.098	4.38425
4.1	4.3881
4.102	4.39178
4.104	4.39529
4.106	4.39863
4.108	4.4018
4.11	4.4048
4.112	4.40762
4.114	4.41028
4.116	4.41277
4.118	4.41508
4.12	4.41722
4.122	4.41919
4.124	4.42099
4.126	4.42261
4.128	4.42406
4.13	4.42534
4.132	4.42645
4.134	4.42738
4.136	4.42813
4.138	4.42872
4.14	4.42913
4.142	4.42936
4.144	4.42943
4.146	4.42931
4.148	4.42903
4.15	4.42857
4.152	4.42794
4.154	4.42713
4.156	4.42615
4.158	4.425
4.16	4.42367
4.162	4.42217
4.164	4.4205
4.166	4.41865
4.168	4.41664
4.17	4.41445
4.172	4.41208
4.174	4.40955
4.176	4.40684
4.178	4.40397
4.18	4.40092
4.182	4.3977
4.184	4.39431
4.186	4.39076
4.188	4.38703
4.19	4.38313
4.192	4.37907
4.194	4.37484
4.196	4.37044
4.198	4.36587
4.2	4.36114
4.202	4.35624
4.204	4.35117
4.206	4.34594
4.208	4.34055
4.21	4.33499
4.212	4.32927
4.214	4.32339
4.216	4.31735
4.218	4.31114
4.22	4.30478
4.222	4.29825
4.224	4.29157
4.226	4.28473
4.228	4.27773
4.23	4.27058
4.232	4.26327
4.234	4.2558
4.236	4.24818
4.238	4.24041
4.24	4.23248
4.242	4.2244
4.244	4.21617
4.246	4.2078
4.248	4.19927
4.25	4.19059
4.252	4.18177
4.254	4.1728
4.256	4.16369
4.258	4.15443
4.26	4.14503
4.262	4.13548
4.264	4.1258
4.266	4.11597
4.268	4.106
4.27	4.0959
4.272	4.08566
4.274	4.07528
4.276	4.06477
4.278	4.05412
4.28	4.04334
4.282	4.03243
4.284	4.02138
4.286	4.01021
4.288	3.9989
4.29	3.98747
4.292	3.97591
4.294	3.96423
4.296	3.95242
4.298	3.94049
4.3	3.92844
4.302	3.91626
4.304	3.90397
4.306	3.89155
4.308	3.87902
4.31	3.86637
4.312	3.8536
4.314	3.84073
4.316	3.82773
4.318	3.81463
4.32	3.80141
4.322	3.78809
4.324	3.77465
4.326	3.76111
4.328	3.74746
4.33	3.73371
4.332	3.71985
4.334	3.70589
4.336	3.69183
4.338	3.67767
4.34	3.6634
4.342	3.64904
4.344	3.63458
4.346	3.62003
4.348	3.60538
4.35	3.59064
4.352	3.5758
4.354	3.56088
4.356	3.54586
4.358	3.53075
4.36	3.51556
4.362	3.50028
4.364	3.48491
4.366	3.46946
4.368	3.45392
4.37	3.43831
4.372	3.42261
4.374	3.40683
4.376	3.39097
4.378	3.37504
4.38	3.35902
4.382	3.34293
4.384	3.32677
4.386	3.31053
4.388	3.29422
4.39	3.27784
4.392	3.26139
4.394	3.24487
4.396	3.22828
4.398	3.21162
4.4	3.1949
4.402	3.17811
4.404	3.16126
4.406	3.14435
4.408	3.12737
4.41	3.11033
4.412	3.09323
4.414	3.07607
4.416	3.05886
4.418	3.04158
4.42	3.02425
4.422	3.00687
4.424	2.98943
4.426	2.97194
4.428	2.95439
4.43	2.93679
4.432	2.91914
4.434	2.90145
4.436	2.8837
4.438	2.86591
4.44	2.84807
4.442	2.83018
4.444	2.81224
4.446	2.79427
4.448	2.77625
4.45	2.75818
4.452	2.74008
4.454	2.72193
4.456	2.70374
4.458	2.68552
4.46	2.66725
4.462	2.64895
4.464	2.63061
4.466	2.61223
4.468	2.59382
4.47	2.57537
4.472	2.55689
4.474	2.53837
4.476	2.51982
4.478	2.50124
4.48	2.48263
4.482	2.46399
4.484	2.44532
4.486	2.42662
4.488	2.40789
4.49	2.38913
4.492	2.37035
4.494	2.35153
4.496	2.3327
4.498	2.31383
4.5	2.29495
4.502	2.27603
4.504	2.2571
4.506	2.23814
4.508	2.21916
4.51	2.20016
4.512	2.18113
4.514	2.16209
4.516	2.14302
4.518	2.12394
4.52	2.10483
4.522	2.08571
4.524	2.06657
4.526	2.04741
4.528	2.02824
4.53	2.00905
4.532	1.98984
4.534	1.97061
4.536	1.95137
4.538	1.93212
4.54	1.91285
4.542	1.89357
4.544	1.87427
4.546	1.85496
4.548	1.83564
4.55	1.81631
4.552	1.79696
4.554	1.7776
4.556	1.75823
4.558	1.73885
4.56	1.71946
4.562	1.70006
4.564	1.68065
4.566	1.66123
4.568	1.6418
4.57	1.62236
4.572	1.60291
4.574	1.58346
4.576	1.564
4.578	1.54453
4.58	1.52505
4.582	1.50556
4.584	1.48607
4.586	1.46657
4.588	1.44707
4.59	1.42756
4.592	1.40804
4.594	1.38852
4.596	1.36899
4.598	1.34946
4.6	1.32992
4.602	1.31038
4.604	1.29083
4.606	1.27128
4.608	1.25172
4.61	1.23216
4.612	1.2126
4.614	1.19303
4.616	1.17346
4.618	1.15389
4.62	1.13431
4.622	1.11474
4.624	1.09515
4.626	1.07557
4.628	1.05598
4.63	1.03639
4.632	1.0168
4.634	0.997207
4.636	0.977611
4.638	0.958014
4.64	0.938414
4.642	0.918813
4.644	0.899211
4.646	0.879606
4.648	0.860001
4.65	0.840394
4.652	0.820787
4.654	0.801178
4.656	0.781568
4.658	0.761957
4.66	0.742345
4.662	0.722732
4.664	0.703119
4.666	0.683505
4.668	0.66389
4.67	0.644275
4.672	0.624659
4.674	0.605042
4.676	0.585426
4.678	0.565808
4.68	0.546191
4.682	0.526573
4.684	0.506955
4.686	0.487336
4.688	0.467718
4.69	0.448099
4.692	0.42848
4.694	0.408861
4.696	0.389241
4.698	0.369622
4.7	0.350002
4.702	0.330382
4.704	0.310763
4.706	0.291143
4.708	0.271523
4.71	0.251903
4.712	0.232283
4.714	0.212663
4.716	0.193043
4.718	0.173423
4.72	0.153803
4.722	0.134183
4.724	0.114563
4.726	0.0949435
4.728	0.0753235
4.73	0.0557035
4.732	0.0360835
4.734	0.0164635
4.736	-0.00315652
4.738	-0.0227765
4.74	-0.0423965
4.742	-0.0620165
4.744	-0.0816365
4.746	-0.101257
4.748	-0.120877
4.75	-0.140497
4.752	-0.160116
4.754	-0.179736
4.756	-0.199356
4.758	-0.218976
4.76	-0.238596
4.762	-0.258216
4.764	-0.277836
4.766	-0.297456
4.768	-0.317076
4.77	-0.336695
4.772	-0.356315
4.774	-0.375935
4.776	-0.395554
4.778	-0.415173
4.78	-0.434792
4.782	-0.454411
4.784	-0.47403
4.786	-0.493649
4.788	-0.513267
4.79	-0.532885
4.792	-0.552503
4.794	-0.572121
4.796	-0.591738
4.798	-0.611354
4.8	-0.63097
4.802	-0.650586
4.804	-0.670201
4.806	-0.689816
4.808	-0.70943
4.81	-0.729043
4.812	-0.748655
4.814	-0.768267
4.816	-0.787878
4.818	-0.807487
4.82	-0.827096
4.822	-0.846703
4.824	-0.86631
4.826	-0.885915
4.828	-0.905518
4.83	-0.92512
4.832	-0.944721
4.834	-0.96432
4.836	-0.983917
4.838	-1.00351
4.84	-1.0231
4.842	-1.0427
4.844	-1.06228
4.846	-1.08187
4.848	-1.10145
4.85	-1.12104
4.852	-1.14061
4.854	-1.16019
4.856	-1.17976
4.858	-1.19933
4.86	-1.2189
4.862	-1.23846
4.864	-1.25802
4.866	-1.27757
4.868	-1.29712
4.87	-1.31666
4.872	-1.33621
4.874	-1.35574
4.876	-1.37527
4.878	-1.3948
4.88	-1.41432
4.882	-1.43383
4.884	-1.45334
4.886	-1.47285
4.888	-1.49234
4.89	-1.51183
4.892	-1.53132
4.894	-1.55079
4.896	-1.57026
4.898	-1.58972
4.9	-1.60917
4.902	-1.62862
4.904	-1.64805
4.906	-1.66748
4.908	-1.6869
4.91	-1.7063
4.912	-1.7257
4.914	-1.74509
4.916	-1.76447
4.918	-1.78383
4.92	-1.80319
4.922	-1.82253
4.924	-1.84186
4.926	-1.86118
4.928	-1.88048
4.93	-1.89977
4.932	-1.91905
4.934	-1.93832
4.936	-1.95757
4.938	-1.9768
4.94	-1.99602
4.942	-2.01522
4.944	-2.03441
4.946	-2.05358
4.948	-2.07273
4.95	-2.09187
4.952	-2.11098
4.954	-2.13008
4.956	-2.14916
4.958	-2.16822
4.96	-2.18726
4.962	-2.20627
4.964	-2.22527
4.966	-2.24424
4.968	-2.26319
4.97	-2.28212
4.972	-2.30103
4.974	-2.31991
4.976	-2.33876
4.978	-2.35759
4.98	-2.37639
4.982	-2.39517
4.984	-2.41392
4.986	-2.43264
4.988	-2.45133
4.99	-2.46999
4.992	-2.48862
4.994	-2.50723
4.996	-2.52579
4.998	-2.54433
5	-2.56284
5.002	-2.58131
5.004	-2.59974
5.006	-2.61815
5.008	-2.63651
5.01	-2.65484
5.012	-2.67313
5.014	-2.69138
5.016	-2.7096
5.018	-2.72777
5.02	-2.74591
5.022	-2.764
5.024	-2.78205
5.026	-2.80006
5.028	-2.81802
5.03	-2.83594
5.032	-2.85381
5.034	-2.87164
5.036	-2.88942
5.038	-2.90715
5.04	-2.92483
5.042	-2.94246
5.044	-2.96004
5.046	-2.97757
5.048	-2.99505
5.05	-3.01247
5.052	-3.02984
5.054	-3.04715
5.056	-3.0644
5.058	-3.0816
5.06	-3.09874
5.062	-3.11582
5.064	-3.13284
5.066	-3.1498
5.068	-3.16669
5.07	-3.18352
5.072	-3.20029
5.074	-3.21699
5.076	-3.23363
5.078	-3.25019
5.08	-3.26669
5.082	-3.28312
5.084	-3.29948
5.086	-3.31577
5.088	-3.33198
5.09	-3.34812
5.092	-3.36418
5.094	-3.38017
5.096	-3.39608
5.098	-3.41192
5.1	-3.42767
5.102	-3.44334
5.104	-3.45893
5.106	-3.47444
5.108	-3.48987
5.11	-3.5052
5.112	-3.52046
5.114	-3.53562
5.116	-3.5507
5.118	-3.56569
5.12	-3.58059
5.122	-3.59539
5.124	-3.6101
5.126	-3.62472
5.128	-3.63925
5.13	-3.65367
5.132	-3.668
5.134	-3.68223
5.136	-3.69636
5.138	-3.71039
5.14	-3.72432
5.142	-3.73815
5.144	-3.75187
5.146	-3.76548
5.148	-3.77899
5.15	-3.79239
5.152	-3.80568
5.154	-3.81886
5.156	-3.83193
5.158	-3.84488
5.16	-3.85772
5.162	-3.87045
5.164	-3.88306
5.166	-3.89556
5.168	-3.90794
5.17	-3.92019
5.172	-3.93233
5.174	-3.94434
5.176	-3.95624
5.178	-3.968
5.18	-3.97965
5.182	-3.99116
5.184	-4.00256
5.186	-4.01382
5.188	-4.02495
5.19	-4.03595
5.192	-4.04682
5.194	-4.05756
5.196	-4.06817
5.198	-4.07864
5.2	-4.08897
5.202	-4.09917
5.204	-4.10923
5.206	-4.11915
5.208	-4.12893
5.21	-4.13857
5.212	-4.14807
5.214	-4.15742
5.216	-4.16664
5.218	-4.1757
5.22	-4.18463
5.222	-4.1934
5.224	-4.20203
5.226	-4.21051
5.228	-4.21884
5.23	-4.22702
5.232	-4.23505
5.234	-4.24292
5.236	-4.25065
5.238	-4.25822
5.24	-4.26563
5.242	-4.2729
5.244	-4.28
5.246	-4.28695
5.248	-4.29374
5.25	-4.30037
5.252	-4.30684
5.254	-4.31316
5.256	-4.31931
5.258	-4.3253
5.26	-4.33113
5.262	-4.3368
5.264	-4.3423
5.266	-4.34765
5.268	-4.35282
5.27	-4.35783
5.272	-4.36268
5.274	-4.36736
5.276	-4.37187
5.278	-4.37622
5.28	-4.3804
5.282	-4.38441
5.284	-4.38825
5.286	-4.39192
5.288	-4.39542
5.29	-4.39876
5.292	-4.40192
5.294	-4.40491
5.296	-4.40773
5.298	-4.41038
5.3	-4.41286
5.302	-4.41517
5.304	-4.41731
5.306	-4.41927
5.308	-4.42106
5.31	-4.42267
5.312	-4.42412
5.314	-4.42539
5.316	-4.42649
5.318	-4.42741
5.32	-4.42816
5.322	-4.42874
5.324	-4.42914
5.326	-4.42937
5.328	-4.42943
5.33	-4.42931
5.332	-4.42901
5.334	-4.42855
5.336	-4.42791
5.338	-4.4271
5.34	-4.42611
5.342	-4.42495
5.344	-4.42362
5.346	-4.42211
5.348	-4.42043
5.35	-4.41858
5.352	-4.41655
5.354	-4.41436
5.356	-4.41199
5.358	-4.40944
5.36	-4.40673
5.362	-4.40385
5.364	-4.40079
5.366	-4.39757
5.368	-4.39417
5.37	-4.39061
5.372	-4.38688
5.374	-4.38297
5.376	-4.3789
5.378	-4.37466
5.38	-4.37026
5.382	-4.36568
5.384	-4.36094
5.386	-4.35604
5.388	-4.35097
5.39	-4.34573
5.392	-4.34033
5.394	-4.33477
5.396	-4.32904
5.398	-4.32315
5.4	-4.3171
5.402	-4.31089
5.404	-4.30452
5.406	-4.29799
5.408	-4.2913
5.41	-4.28445
5.412	-4.27745
5.414	-4.27029
5.416	-4.26297
5.418	-4.2555
5.42	-4.24787
5.422	-4.24009
5.424	-4.23216
5.426	-4.22407
5.428	-4.21584
5.43	-4.20746
5.432	-4.19892
5.434	-4.19024
5.436	-4.18141
5.438	-4.17244
5.44	-4.16332
5.442	-4.15405
5.444	-4.14465
5.446	-4.1351
5.448	-4.1254
5.45	-4.11557
5.452	-4.1056
5.454	-4.09549
5.456	-4.08524
5.458	-4.07486
5.46	-4.06434
5.462	-4.05369
5.464	-4.0429
5.466	-4.03198
5.468	-4.02093
5.47	-4.00976
5.472	-3.99845
5.474	-3.98701
5.476	-3.97545
5.478	-3.96376
5.48	-3.95195
5.482	-3.94001
5.484	-3.92795
5.486	-3.91577
5.488	-3.90347
5.49	-3.89105
5.492	-3.87851
5.494	-3.86586
5.496	-3.85309
5.498	-3.84021
5.5	-3.82721
5.502	-3.8141
5.504	-3.80088
5.506	-3.78755
5.508	-3.77411
5.51	-3.76056
5.512	-3.74691
5.514	-3.73315
5.516	-3.71929
5.518	-3.70533
5.52	-3.69126
5.522	-3.67709
5.524	-3.66283
5.526	-3.64846
5.528	-3.634
5.53	-3.61944
5.532	-3.60479
5.534	-3.59004
5.536	-3.5752
5.538	-3.56027
5.54	-3.54525
5.542	-3.53014
5.544	-3.51495
5.546	-3.49966
5.548	-3.48429
5.55	-3.46884
5.552	-3.4533
5.554	-3.43768
5.556	-3.42198
5.558	-3.40619
5.56	-3.39033
5.562	-3.37439
5.564	-3.35838
5.566	-3.34229
5.568	-3.32612
5.57	-3.30988
5.572	-3.29357
5.574	-3.27718
5.576	-3.26073
5.578	-3.2442
5.58	-3.22761
5.582	-3.21095
5.584	-3.19423
5.586	-3.17744
5.588	-3.16058
5.59	-3.14366
5.592	-3.12668
5.594	-3.10964
5.596	-3.09254
5.598	-3.07538
5.6	-3.05816
5.602	-3.04089
5.604	-3.02355
5.606	-3.00617
5.608	-2.98873
5.61	-2.97123
5.612	-2.95368
5.614	-2.93608
5.616	-2.91843
5.618	-2.90073
5.62	-2.88299
5.622	-2.86519
5.624	-2.84735
5.626	-2.82946
5.628	-2.81152
5.63	-2.79354
5.632	-2.77552
5.634	-2.75746
5.636	-2.73935
5.638	-2.7212
5.64	-2.70301
5.642	-2.68478
5.644	-2.66651
5.646	-2.64821
5.648	-2.62987
5.65	-2.61149
5.652	-2.59307
5.654	-2.57463
5.656	-2.55614
5.658	-2.53763
5.66	-2.51908
5.662	-2.5005
5.664	-2.48188
5.666	-2.46324
5.668	-2.44457
5.67	-2.42586
5.672	-2.40713
5.674	-2.38838
5.676	-2.36959
5.678	-2.35078
5.68	-2.33194
5.682	-2.31307
5.684	-2.29419
5.686	-2.27527
5.688	-2.25634
5.69	-2.23738
5.692	-2.2184
5.694	-2.19939
5.696	-2.18037
5.698	-2.16132
5.7	-2.14226
5.702	-2.12317
5.704	-2.10407
5.706	-2.08494
5.708	-2.0658
5.71	-2.04664
5.712	-2.02747
5.714	-2.00827
5.716	-1.98906
5.718	-1.96984
5.72	-1.9506
5.722	-1.93134
5.724	-1.91208
5.726	-1.89279
5.728	-1.8735
5.73	-1.85419
5.732	-1.83486
5.734	-1.81553
5.736	-1.79618
5.738	-1.77682
5.74	-1.75745
5.742	-1.73807
5.744	-1.71868
5.746	-1.69928
5.748	-1.67987
5.75	-1.66045
5.752	-1.64102
5.754	-1.62158
5.756	-1.60213
5.758	-1.58268
5.76	-1.56321
5.762	-1.54374
5.764	-1.52426
5.766	-1.50478
5.768	-1.48529
5.77	-1.46579
5.772	-1.44628
5.774	-1.42677
5.776	-1.40725
5.778	-1.38773
5.78	-1.3682
5.782	-1.34867
5.784	-1.32913
5.786	-1.30959
5.788	-1.29004
5.79	-1.27049
5.792	-1.25094
5.794	-1.23138
5.796	-1.21181
5.798	-1.19225
5.8	-1.17268
5.802	-1.1531
5.804	-1.13353
5.806	-1.11395
5.808	-1.09437
5.81	-1.07478
5.812	-1.05519
5.814	-1.0356
5.816	-1.01601
5.818	-0.996419
5.82	-0.976823
5.822	-0.957225
5.824	-0.937626
5.826	-0.918025
5.828	-0.898422
5.83	-0.878818
5.832	-0.859213
5.834	-0.839606
5.836	-0.819998
5.838	-0.800389
5.84	-0.780779
5.842	-0.761168
5.844	-0.741556
5.846	-0.721943
5.848	-0.70233
5.85	-0.682716
5.852	-0.663101
5.854	-0.643486
5.856	-0.62387
5.858	-0.604253
5.86	-0.584637
5.862	-0.565019
5.864	-0.545402
5.866	-0.525784
5.868	-0.506166
5.87	-0.486547
5.872	-0.466929
5.874	-0.44731
5.876	-0.427691
5.878	-0.408071
5.88	-0.388452
5.882	-0.368833
5.884	-0.349213
5.886	-0.329593
5.888	-0.309974
5.89	-0.290354
5.892	-0.270734
5.894	-0.251114
5.896	-0.231494
5.898	-0.211874
5.9	-0.192254
5.902	-0.172634
5.904	-0.153014
5.906	-0.133394
5.908	-0.113774
5.91	-0.0941543
5.912	-0.0745343
5.914	-0.0549143
5.916	-0.0352944
5.918	-0.0156744
5.92	0.00394565
5.922	0.0235656
5.924	0.0431856
5.926	0.0628056
5.928	0.0824256
5.93	0.102046
5.932	0.121666
5.934	0.141286
5.936	0.160906
5.938	0.180526
5.94	0.200146
5.942	0.219766
5.944	0.239385
5.946	0.259005
5.948	0.278625
5.95	0.298245
5.952	0.317865
5.954	0.337485
5.956	0.357104
5.958	0.376724
5.96	0.396343
5.962	0.415962
5.964	0.435582
5.966	0.455201
5.968	0.474819
5.97	0.494438
5.972	0.514056
5.974	0.533674
5.976	0.553292
5.978	0.57291
5.98	0.592527
5.982	0.612143
5.984	0.631759
5.986	0.651375
5.988	0.67099
5.99	0.690605
5.992	0.710219
5.994	0.729832
5.996	0.749444
5.998	0.769056
6	0.788666
6.002	0.808276
6.004	0.827884
6.006	0.847492
6.008	0.867098
6.01	0.886703
6.012	0.906307
6.014	0.925909
6.016	0.945509
6.018	0.965108
6.02	0.984705
6.022	1.0043
6.024	1.02389
6.026	1.04348
6.028	1.06307
6.03	1.08266
6.032	1.10224
6.034	1.12182
6.036	1.1414
6.038	1.16098
6.04	1.18055
6.042	1.20012
6.044	1.21968
6.046	1.23924
6.048	1.2588
6.05	1.27836
6.052	1.29791
6.054	1.31745
6.056	1.33699
6.058	1.35653
6.06	1.37606
6.062	1.39558
6.064	1.4151
6.066	1.43462
6.068	1.45413
6.07	1.47363
6.072	1.49313
6.074	1.51262
6.076	1.5321
6.078	1.55157
6.08	1.57104
6.082	1.5905
6.084	1.60995
6.086	1.6294
6.088	1.64883
6.09	1.66826
6.092	1.68768
6.094	1.70708
6.096	1.72648
6.098	1.74587
6.1	1.76524
6.102	1.78461
6.104	1.80396
6.106	1.82331
6.108	1.84264
6.11	1.86195
6.112	1.88126
6.114	1.90055
6.116	1.91983
6.118	1.93909
6.12	1.95834
6.122	1.97757
6.124	1.99679
6.126	2.01599
6.128	2.03518
6.13	2.05435
6.132	2.0735
6.134	2.09264
6.136	2.11175
6.138	2.13085
6.14	2.14993
6.142	2.16898
6.144	2.18802
6.146	2.20704
6.148	2.22603
6.15	2.24501
6.152	2.26396
6.154	2.28288
6.156	2.30179
6.158	2.32066
6.16	2.33952
6.162	2.35835
6.164	2.37715
6.166	2.39592
6.168	2.41467
6.17	2.43339
6.172	2.45208
6.174	2.47074
6.176	2.48937
6.178	2.50797
6.18	2.52654
6.182	2.54508
6.184	2.56358
6.186	2.58205
6.188	2.60049
6.19	2.61889
6.192	2.63725
6.194	2.65558
6.196	2.67387
6.198	2.69212
6.2	2.71033
6.202	2.7285
6.204	2.74664
6.206	2.76473
6.208	2.78277
6.21	2.80078
6.212	2.81874
6.214	2.83666
6.216	2.85453
6.218	2.87235
6.22	2.89013
6.222	2.90786
6.224	2.92554
6.226	2.94317
6.228	2.96075
6.23	2.97827
6.232	2.99575
6.234	3.01317
6.236	3.03053
6.238	3.04784
6.24	3.0651
6.242	3.08229
6.244	3.09943
6.246	3.1165
6.248	3.13352
6.25	3.15048
6.252	3.16737
6.254	3.1842
6.256	3.20096
6.258	3.21766
6.26	3.23429
6.262	3.25086
6.264	3.26735
6.266	3.28378
6.268	3.30014
6.27	3.31642
6.272	3.33263
6.274	3.34877
6.276	3.36483
6.278	3.38081
6.28	3.39672
6.282	3.41255
6.284	3.4283
6.286	3.44397
6.288	3.45956
6.29	3.47506
6.292	3.49048
6.294	3.50582
6.296	3.52107
6.298	3.53623
6.3	3.55131
6.302	3.56629
6.304	3.58118
6.306	3.59599
6.308	3.61069
6.31	3.62531
6.312	3.63983
6.314	3.65425
6.316	3.66858
6.318	3.6828
6.32	3.69693
6.322	3.71096
6.324	3.72488
6.326	3.7387
6.328	3.75242
6.33	3.76603
6.332	3.77953
6.334	3.79292
6.336	3.80621
6.338	3.81938
6.34	3.83245
6.342	3.8454
6.344	3.85824
6.346	3.87096
6.348	3.88357
6.35	3.89606
6.352	3.90843
6.354	3.92068
6.356	3.93281
6.358	3.94482
6.36	3.95671
6.362	3.96847
6.364	3.98011
6.366	3.99163
6.368	4.00301
6.37	4.01427
6.372	4.02539
6.374	4.03639
6.376	4.04726
6.378	4.05799
6.38	4.06859
6.382	4.07905
6.384	4.08938
6.386	4.09957
6.388	4.10963
6.39	4.11954
6.392	4.12932
6.394	4.13895
6.396	4.14845
6.398	4.1578
6.4	4.167
6.402	4.17606
6.404	4.18498
6.406	4.19375
6.408	4.20237
6.41	4.21085
6.412	4.21917
6.414	4.22734
6.416	4.23537
6.418	4.24324
6.42	4.25096
6.422	4.25852
6.424	4.26593
6.426	4.27318
6.428	4.28028
6.43	4.28722
6.432	4.29401
6.434	4.30064
6.436	4.3071
6.438	4.31341
6.44	4.31956
6.442	4.32554
6.444	4.33136
6.446	4.33702
6.448	4.34252
6.45	4.34786
6.452	4.35303
6.454	4.35803
6.456	4.36287
6.458	4.36754
6.46	4.37205
6.462	4.37639
6.464	4.38056
6.466	4.38456
6.468	4.3884
6.47	4.39206
6.472	4.39556
6.474	4.39889
6.476	4.40204
6.478	4.40503
6.48	4.40784
6.482	4.41049
6.484	4.41296
6.486	4.41526
6.488	4.41739
6.49	4.41934
6.492	4.42113
6.494	4.42274
6.496	4.42417
6.498	4.42544
6.5	4.42653
6.502	4.42744
6.504	4.42819
6.506	4.42876
6.508	4.42915
6.51	4.42938
6.512	4.42942
6.514	4.4293
6.516	4.429
6.518	4.42853
6.52	4.42788
6.522	4.42706
6.524	4.42607
6.526	4.4249
6.528	4.42356
6.53	4.42204
6.532	4.42036
6.534	4.4185
6.536	4.41647
6.538	4.41426
6.54	4.41189
6.542	4.40934
6.544	4.40662
6.546	4.40373
6.548	4.40067
6.55	4.39744
6.552	4.39403
6.554	4.39046
6.556	4.38672
6.558	4.38281
6.56	4.37874
6.562	4.37449
6.564	4.37008
6.566	4.3655
6.568	4.36075
6.57	4.35584
6.572	4.35076
6.574	4.34552
6.576	4.34011
6.578	4.33454
6.58	4.32881
6.582	4.32291
6.584	4.31686
6.586	4.31064
6.588	4.30426
6.59	4.29772
6.592	4.29103
6.594	4.28417
6.596	4.27716
6.598	4.26999
6.6	4.26267
6.602	4.25519
6.604	4.24756
6.606	4.23977
6.608	4.23184
6.61	4.22375
6.612	4.21551
6.614	4.20712
6.616	4.19858
6.618	4.18989
6.62	4.18105
6.622	4.17207
6.624	4.16295
6.626	4.15368
6.628	4.14426
6.63	4.13471
6.632	4.12501
6.634	4.11517
6.636	4.1052
6.638	4.09508
6.64	4.08483
6.642	4.07444
6.644	4.06392
6.646	4.05326
6.648	4.04247
6.65	4.03154
6.652	4.02049
6.654	4.0093
6.656	3.99799
6.658	3.98655
6.66	3.97498
6.662	3.96329
6.664	3.95147
6.666	3.93953
6.668	3.92746
6.67	3.91528
6.672	3.90297
6.674	3.89055
6.676	3.87801
6.678	3.86535
6.68	3.85257
6.682	3.83968
6.684	3.82668
6.686	3.81357
6.688	3.80034
6.69	3.78701
6.692	3.77357
6.694	3.76002
6.696	3.74636
6.698	3.7326
6.7	3.71873
6.702	3.70476
6.704	3.69069
6.706	3.67652
6.708	3.66225
6.71	3.64788
6.712	3.63342
6.714	3.61886
6.716	3.6042
6.718	3.58945
6.72	3.57461
6.722	3.55967
6.724	3.54465
6.726	3.52953
6.728	3.51433
6.73	3.49905
6.732	3.48367
6.734	3.46821
6.736	3.45267
6.738	3.43705
6.74	3.42134
6.742	3.40556
6.744	3.38969
6.746	3.37375
6.748	3.35773
6.75	3.34164
6.752	3.32547
6.754	3.30922
6.756	3.29291
6.758	3.27652
6.76	3.26007
6.762	3.24354
6.764	3.22694
6.766	3.21028
6.768	3.19355
6.77	3.17676
6.772	3.1599
6.774	3.14298
6.776	3.126
6.778	3.10896
6.78	3.09185
6.782	3.07469
6.784	3.05747
6.786	3.04019
6.788	3.02286
6.79	3.00547
6.792	2.98802
6.794	2.97053
6.796	2.95298
6.798	2.93537
6.8	2.91772
6.802	2.90002
6.804	2.88227
6.806	2.86447
6.808	2.84663
6.81	2.82874
6.812	2.8108
6.814	2.79282
6.816	2.77479
6.818	2.75673
6.82	2.73862
6.822	2.72047
6.824	2.70228
6.826	2.68405
6.828	2.66578
6.83	2.64747
6.832	2.62913
6.834	2.61075
6.836	2.59233
6.838	2.57388
6.84	2.5554
6.842	2.53688
6.844	2.51833
6.846	2.49975
6.848	2.48113
6.85	2.46249
6.852	2.44382
6.854	2.42511
6.856	2.40638
6.858	2.38762
6.86	2.36883
6.862	2.35002
6.864	2.33118
6.866	2.31232
6.868	2.29343
6.87	2.27451
6.872	2.25557
6.874	2.23661
6.876	2.21763
6.878	2.19863
6.88	2.1796
6.882	2.16056
6.884	2.14149
6.886	2.1224
6.888	2.1033
6.89	2.08417
6.892	2.06503
6.894	2.04587
6.896	2.02669
6.898	2.0075
6.9	1.98829
6.902	1.96907
6.904	1.94983
6.906	1.93057
6.908	1.9113
6.91	1.89202
6.912	1.87272
6.914	1.85341
6.916	1.83409
6.918	1.81475
6.92	1.7954
6.922	1.77604
6.924	1.75667
6.926	1.73729
6.928	1.7179
6.93	1.6985
6.932	1.67909
6.934	1.65967
6.936	1.64024
6.938	1.6208
6.94	1.60135
6.942	1.58189
6.944	1.56243
6.946	1.54296
6.948	1.52348
6.95	1.50399
6.952	1.4845
6.954	1.465
6.956	1.4455
6.958	1.42599
6.96	1.40647
6.962	1.38695
6.964	1.36742
6.966	1.34788
6.968	1.32835
6.97	1.3088
6.972	1.28926
6.974	1.26971
6.976	1.25015
6.978	1.23059
6.98	1.21103
6.982	1.19146
6.984	1.17189
6.986	1.15232
6.988	1.13274
6.99	1.11316
6.992	1.09358
6.994	1.07399
6.996	1.05441
6.998	1.03482
7	1.01522
7.002	0.995631
7.004	0.976035
7.006	0.956437
7.008	0.936837
7.01	0.917236
7.012	0.897634
7.014	0.878029
7.016	0.858424
7.018	0.838817
7.02	0.819209
7.022	0.7996
7.024	0.77999
7.026	0.760379
7.028	0.740767
7.03	0.721154
7.032	0.701541
7.034	0.681927
7.036	0.662312
7.038	0.642697
7.04	0.623081
7.042	0.603464
7.044	0.583848
7.046	0.56423
7.048	0.544613
7.05	0.524995
7.052	0.505377
7.054	0.485758
7.056	0.466139
7.058	0.446521
7.06	0.426902
7.062	0.407282
7.064	0.387663
7.066	0.368043
7.068	0.348424
7.07	0.328804
7.072	0.309184
7.074	0.289565
7.076	0.269945
7.078	0.250325
7.08	0.230705
7.082	0.211085
7.084	0.191465
7.086	0.171845
7.088	0.152225
7.09	0.132605
7.092	0.112985
7.094	0.0933652
7.096	0.0737452
7.098	0.0541252
7.1	0.0345052
7.102	0.0148852
7.104	-0.00473478
7.106	-0.0243548
7.108	-0.0439748
7.11	-0.0635948
7.112	-0.0832148
7.114	-0.102835
7.116	-0.122455
7.118	-0.142075
7.12	-0.161695
7.122	-0.181315
7.124	-0.200935
7.126	-0.220555
7.128	-0.240175
7.13	-0.259794
7.132	-0.279414
7.134	-0.299034
7.136	-0.318654
7.138	-0.338274
7.14	-0.357893
7.142	-0.377513
7.144	-0.397132
7.146	-0.416752
7.148	-0.436371
7.15	-0.45599
7.152	-0.475608
7.154	-0.495227
7.156	-0.514845
7.158	-0.534463
7.16	-0.554081
7.162	-0.573699
7.164	-0.593316
7.166	-0.612932
7.168	-0.632548
7.17	-0.652164
7.172	-0.671779
7.174	-0.691394
7.176	-0.711008
7.178	-0.730621
7.18	-0.750233
7.182	-0.769844
7.184	-0.789455
7.186	-0.809065
7.188	-0.828673
7.19	-0.848281
7.192	-0.867887
7.194	-0.887492
7.196	-0.907095
7.198	-0.926697
7.2	-0.946297
7.202	-0.965896
7.204	-0.985493
7.206	-1.00509
7.208	-1.02468
7.21	-1.04427
7.212	-1.06386
7.214	-1.08345
7.216	-1.10303
7.218	-1.12261
7.22	-1.14219
7.222	-1.16176
7.224	-1.18134
7.226	-1.2009
7.228	-1.22047
7.23	-1.24003
7.232	-1.25959
7.234	-1.27914
7.236	-1.29869
7.238	-1.31824
7.24	-1.33778
7.242	-1.35731
7.244	-1.37684
7.246	-1.39637
7.248	-1.41589
7.25	-1.4354
7.252	-1.45491
7.254	-1.47441
7.256	-1.49391
7.258	-1.5134
7.26	-1.53288
7.262	-1.55236
7.264	-1.57183
7.266	-1.59128
7.268	-1.61074
7.27	-1.63018
7.272	-1.64961
7.274	-1.66904
7.276	-1.68846
7.278	-1.70786
7.28	-1.72726
7.282	-1.74665
7.284	-1.76602
7.286	-1.78539
7.288	-1.80474
7.29	-1.82408
7.292	-1.84341
7.294	-1.86273
7.296	-1.88203
7.298	-1.90133
7.3	-1.9206
7.302	-1.93987
7.304	-1.95911
7.306	-1.97835
7.308	-1.99757
7.31	-2.01677
7.312	-2.03595
7.314	-2.05512
7.316	-2.07427
7.318	-2.09341
7.32	-2.11252
7.322	-2.13162
7.324	-2.15069
7.326	-2.16975
7.328	-2.18879
7.33	-2.2078
7.332	-2.2268
7.334	-2.24577
7.336	-2.26472
7.338	-2.28364
7.34	-2.30255
7.342	-2.32142
7.344	-2.34028
7.346	-2.3591
7.348	-2.3779
7.35	-2.39668
7.352	-2.41542
7.354	-2.43414
7.356	-2.45283
7.358	-2.47149
7.36	-2.49012
7.362	-2.50872
7.364	-2.52729
7.366	-2.54582
7.368	-2.56432
7.37	-2.58279
7.372	-2.60123
7.374	-2.61962
7.376	-2.63799
7.378	-2.65631
7.38	-2.6746
7.382	-2.69285
7.384	-2.71106
7.386	-2.72923
7.388	-2.74736
7.39	-2.76545
7.392	-2.7835
7.394	-2.8015
7.396	-2.81946
7.398	-2.83738
7.4	-2.85525
7.402	-2.87307
7.404	-2.89084
7.406	-2.90857
7.408	-2.92625
7.41	-2.94388
7.412	-2.96145
7.414	-2.97898
7.416	-2.99645
7.418	-3.01387
7.42	-3.03123
7.422	-3.04854
7.424	-3.06579
7.426	-3.08298
7.428	-3.10012
7.43	-3.11719
7.432	-3.1342
7.434	-3.15116
7.436	-3.16805
7.438	-3.18487
7.44	-3.20164
7.442	-3.21833
7.444	-3.23496
7.446	-3.25152
7.448	-3.26802
7.45	-3.28444
7.452	-3.30079
7.454	-3.31707
7.456	-3.33328
7.458	-3.34941
7.46	-3.36547
7.462	-3.38145
7.464	-3.39736
7.466	-3.41319
7.468	-3.42893
7.47	-3.4446
7.472	-3.46018
7.474	-3.47568
7.476	-3.4911
7.478	-3.50643
7.48	-3.52168
7.482	-3.53684
7.484	-3.55191
7.486	-3.56689
7.488	-3.58178
7.49	-3.59658
7.492	-3.61128
7.494	-3.6259
7.496	-3.64041
7.498	-3.65483
7.5	-3.66915
7.502	-3.68337
7.504	-3.6975
7.506	-3.71152
7.508	-3.72544
7.51	-3.73925
7.512	-3.75296
7.514	-3.76657
7.516	-3.78007
7.518	-3.79346
7.52	-3.80674
7.522	-3.81991
7.524	-3.83297
7.526	-3.84592
7.528	-3.85875
7.53	-3.87147
7.532	-3.88407
7.534	-3.89656
7.536	-3.90893
7.538	-3.92117
7.54	-3.9333
7.542	-3.9453
7.544	-3.95719
7.546	-3.96895
7.548	-3.98058
7.55	-3.99209
7.552	-4.00347
7.554	-4.01472
7.556	-4.02584
7.558	-4.03683
7.56	-4.04769
7.562	-4.05842
7.564	-4.06901
7.566	-4.07947
7.568	-4.08979
7.57	-4.09998
7.572	-4.11003
7.574	-4.11994
7.576	-4.12971
7.578	-4.13934
7.58	-4.14883
7.582	-4.15817
7.584	-4.16737
7.586	-4.17643
7.588	-4.18534
7.59	-4.1941
7.592	-4.20272
7.594	-4.21118
7.596	-4.2195
7.598	-4.22767
7.6	-4.23569
7.602	-4.24355
7.604	-4.25126
7.606	-4.25882
7.608	-4.26622
7.61	-4.27347
7.612	-4.28057
7.614	-4.2875
7.616	-4.29428
7.618	-4.3009
7.62	-4.30736
7.622	-4.31366
7.624	-4.3198
7.626	-4.32578
7.628	-4.33159
7.63	-4.33725
7.632	-4.34274
7.634	-4.34807
7.636	-4.35323
7.638	-4.35823
7.64	-4.36306
7.642	-4.36773
7.644	-4.37223
7.646	-4.37656
7.648	-4.38072
7.65	-4.38472
7.652	-4.38855
7.654	-4.39221
7.656	-4.3957
7.658	-4.39902
7.66	-4.40217
7.662	-4.40515
7.664	-4.40795
7.666	-4.41059
7.668	-4.41306
7.67	-4.41535
7.672	-4.41747
7.674	-4.41942
7.676	-4.42119
7.678	-4.4228
7.68	-4.42423
7.682	-4.42548
7.684	-4.42657
7.686	-4.42748
7.688	-4.42821
7.69	-4.42878
7.692	-4.42917
7.694	-4.42938
7.696	-4.42942
7.698	-4.42929
7.7	-4.42898
7.702	-4.4285
7.704	-4.42785
7.706	-4.42702
7.708	-4.42602
7.71	-4.42485
7.712	-4.4235
7.714	-4.42198
7.716	-4.42029
7.718	-4.41842
7.72	-4.41638
7.722	-4.41417
7.724	-4.41179
7.726	-4.40923
7.728	-4.40651
7.73	-4.40361
7.732	-4.40054
7.734	-4.3973
7.736	-4.39389
7.738	-4.39032
7.74	-4.38657
7.742	-4.38265
7.744	-4.37857
7.746	-4.37432
7.748	-4.3699
7.75	-4.36531
7.752	-4.36056
7.754	-4.35564
7.756	-4.35055
7.758	-4.3453
7.76	-4.33989
7.762	-4.33431
7.764	-4.32857
7.766	-4.32267
7.768	-4.31661
7.77	-4.31038
7.772	-4.304
7.774	-4.29746
7.776	-4.29075
7.778	-4.28389
7.78	-4.27688
7.782	-4.2697
7.784	-4.26237
7.786	-4.25489
7.788	-4.24725
7.79	-4.23946
7.792	-4.23151
7.794	-4.22342
7.796	-4.21517
7.798	-4.20677
7.8	-4.19823
7.802	-4.18954
7.804	-4.1807
7.806	-4.17171
7.808	-4.16258
7.81	-4.1533
7.812	-4.14388
7.814	-4.13432
7.816	-4.12462
7.818	-4.11478
7.82	-4.10479
7.822	-4.09467
7.824	-4.08441
7.826	-4.07402
7.828	-4.06349
7.83	-4.05283
7.832	-4.04203
7.834	-4.0311
7.836	-4.02004
7.838	-4.00885
7.84	-3.99753
7.842	-3.98608
7.844	-3.97451
7.846	-3.96281
7.848	-3.95099
7.85	-3.93904
7.852	-3.92697
7.854	-3.91478
7.856	-3.90247
7.858	-3.89005
7.86	-3.8775
7.862	-3.86484
7.864	-3.85206
7.866	-3.83916
7.868	-3.82616
7.87	-3.81304
7.872	-3.79981
7.874	-3.78647
7.876	-3.77302
7.878	-3.75947
7.88	-3.74581
7.882	-3.73204
7.884	-3.71817
7.886	-3.7042
7.888	-3.69012
7.89	-3.67595
7.892	-3.66168
7.894	-3.6473
7.896	-3.63283
7.898	-3.61827
7.9	-3.60361
7.902	-3.58885
7.904	-3.57401
7.906	-3.55907
7.908	-3.54404
7.91	-3.52892
7.912	-3.51372
7.914	-3.49843
7.916	-3.48305
7.918	-3.46759
7.92	-3.45204
7.922	-3.43642
7.924	-3.42071
7.926	-3.40492
7.928	-3.38905
7.93	-3.37311
7.932	-3.35709
7.934	-3.34099
7.936	-3.32482
7.938	-3.30857
7.94	-3.29225
7.942	-3.27586
7.944	-3.2594
7.946	-3.24287
7.948	-3.22628
7.95	-3.20961
7.952	-3.19288
7.954	-3.17608
7.956	-3.15922
7.958	-3.1423
7.96	-3.12532
7.962	-3.10827
7.964	-3.09116
7.966	-3.074
7.968	-3.05678
7.97	-3.03949
7.972	-3.02216
7.974	-3.00477
7.976	-2.98732
7.978	-2.96982
7.98	-2.95227
7.982	-2.93467
7.984	-2.91701
7.986	-2.89931
7.988	-2.88156
7.99	-2.86376
7.992	-2.84591
7.994	-2.82802
7.996	-2.81008
7.998	-2.7921
8	-2.77407
8.002	-2.756
8.004	-2.73789
8.006	-2.71974
8.008	-2.70155
8.01	-2.68331
8.012	-2.66504
8.014	-2.64674
8.016	-2.62839
8.018	-2.61001
8.02	-2.59159
8.022	-2.57314
8.024	-2.55465
8.026	-2.53613
8.028	-2.51758
8.03	-2.499
8.032	-2.48038
8.034	-2.46174
8.036	-2.44306
8.038	-2.42436
8.04	-2.40563
8.042	-2.38686
8.044	-2.36808
8.046	-2.34926
8.048	-2.33042
8.05	-2.31156
8.052	-2.29267
8.054	-2.27375
8.056	-2.25481
8.058	-2.23585
8.06	-2.21687
8.062	-2.19786
8.064	-2.17884
8.066	-2.15979
8.068	-2.14072
8.07	-2.12163
8.072	-2.10253
8.074	-2.0834
8.076	-2.06426
8.078	-2.0451
8.08	-2.02592
8.082	-2.00673
8.084	-1.98752
8.086	-1.96829
8.088	-1.94905
8.09	-1.9298
8.092	-1.91053
8.094	-1.89124
8.096	-1.87194
8.098	-1.85263
8.1	-1.83331
8.102	-1.81397
8.104	-1.79462
8.106	-1.77526
8.108	-1.75589
8.11	-1.73651
8.112	-1.71712
8.114	-1.69772
8.116	-1.67831
8.118	-1.65888
8.12	-1.63945
8.122	-1.62001
8.124	-1.60057
8.126	-1.58111
8.128	-1.56165
8.13	-1.54218
8.132	-1.5227
8.134	-1.50321
8.136	-1.48372
8.138	-1.46422
8.14	-1.44471
8.142	-1.4252
8.144	-1.40568
8.146	-1.38616
8.148	-1.36663
8.15	-1.3471
8.152	-1.32756
8.154	-1.30802
8.156	-1.28847
8.158	-1.26892
8.16	-1.24936
8.162	-1.2298
8.164	-1.21024
8.166	-1.19067
8.168	-1.1711
8.17	-1.15153
8.172	-1.13195
8.174	-1.11237
8.176	-1.09279
8.178	-1.07321
8.18	-1.05362
8.182	-1.03403
8.184	-1.01444
8.186	-0.994843
8.188	-0.975247
8.19	-0.955649
8.192	-0.936049
8.194	-0.916448
8.196	-0.896845
8.198	-0.877241
8.2	-0.857635
8.202	-0.838029
8.204	-0.818421
8.206	-0.798811
8.208	-0.779201
8.21	-0.75959
8.212	-0.739978
8.214	-0.720366
8.216	-0.700752
8.218	-0.681138
8.22	-0.661523
8.222	-0.641908
8.224	-0.622292
8.226	-0.602675
8.228	-0.583059
8.23	-0.563441
8.232	-0.543824
8.234	-0.524206
8.236	-0.504588
8.238	-0.484969
8.24	-0.46535
8.242	-0.445732
8.244	-0.426112
8.246	-0.406493
8.248	-0.386874
8.25	-0.367254
8.252	-0.347635
8.254	-0.328015
8.256	-0.308395
8.258	-0.288776
8.26	-0.269156
8.262	-0.249536
8.264	-0.229916
8.266	-0.210296
8.268	-0.190676
8.27	-0.171056
8.272	-0.151436
8.274	-0.131816
8.276	-0.112196
8.278	-0.0925761
8.28	-0.0729561
8.282	-0.0533361
8.284	-0.0337161
8.286	-0.0140961
8.288	0.00552391
8.29	0.0251439
8.292	0.0447639
8.294	0.0643839
8.296	0.0840039
8.298	0.103624
8.3	0.123244
8.302	0.142864
8.304	0.162484
8.306	0.182104
8.308	0.201724
8.31	0.221344
8.312	0.240964
8.314	0.260584
8.316	0.280203
8.318	0.299823
8.32	0.319443
8.322	0.339063
8.324	0.358682
8.326	0.378302
8.328	0.397921
8.33	0.417541
8.332	0.43716
8.334	0.456779
8.336	0.476398
8.338	0.496016
8.34	0.515634
8.342	0.535252
8.344	0.55487
8.346	0.574488
8.348	0.594105
8.35	0.613721
8.352	0.633337
8.354	0.652953
8.356	0.672568
8.358	0.692183
8.36	0.711796
8.362	0.731409
8.364	0.751022
8.366	0.770633
8.368	0.790244
8.37	0.809853
8.372	0.829462
8.374	0.849069
8.376	0.868675
8.378	0.88828
8.38	0.907883
8.382	0.927485
8.384	0.947086
8.386	0.966684
8.388	0.986281
8.39	1.00588
8.392	1.02547
8.394	1.04506
8.396	1.06465
8.398	1.08423
8.4	1.10382
8.402	1.1234
8.404	1.14298
8.406	1.16255
8.408	1.18212
8.41	1.20169
8.412	1.22126
8.414	1.24082
8.416	1.26038
8.418	1.27993
8.42	1.29948
8.422	1.31902
8.424	1.33856
8.426	1.3581
8.428	1.37763
8.43	1.39715
8.432	1.41667
8.434	1.43619
8.436	1.4557
8.438	1.4752
8.44	1.49469
8.442	1.51418
8.444	1.53367
8.446	1.55314
8.448	1.57261
8.45	1.59207
8.452	1.61152
8.454	1.63096
8.456	1.6504
8.458	1.66982
8.46	1.68924
8.462	1.70864
8.464	1.72804
8.466	1.74743
8.468	1.7668
8.47	1.78617
8.472	1.80552
8.474	1.82486
8.476	1.84419
8.478	1.86351
8.48	1.88281
8.482	1.9021
8.484	1.92138
8.486	1.94064
8.488	1.95989
8.49	1.97912
8.492	1.99834
8.494	2.01754
8.496	2.03672
8.498	2.05589
8.5	2.07504
8.502	2.09417
8.504	2.11329
8.506	2.13238
8.508	2.15146
8.51	2.17052
8.512	2.18955
8.514	2.20857
8.516	2.22756
8.518	2.24653
8.52	2.26548
8.522	2.2844
8.524	2.30331
8.526	2.32218
8.528	2.34103
8.53	2.35986
8.532	2.37866
8.534	2.39743
8.536	2.41618
8.538	2.43489
8.54	2.45358
8.542	2.47224
8.544	2.49087
8.546	2.50947
8.548	2.52803
8.55	2.54657
8.552	2.56507
8.554	2.58353
8.556	2.60197
8.558	2.62036
8.56	2.63872
8.562	2.65705
8.564	2.67534
8.566	2.69358
8.568	2.71179
8.57	2.72996
8.572	2.74809
8.574	2.76618
8.576	2.78422
8.578	2.80223
8.58	2.82018
8.582	2.8381
8.584	2.85596
8.586	2.87379
8.588	2.89156
8.59	2.90928
8.592	2.92696
8.594	2.94458
8.596	2.96216
8.598	2.97968
8.6	2.99715
8.602	3.01457
8.604	3.03193
8.606	3.04923
8.608	3.06648
8.61	3.08367
8.612	3.1008
8.614	3.11788
8.616	3.13489
8.618	3.15184
8.62	3.16873
8.622	3.18555
8.624	3.20231
8.626	3.219
8.628	3.23563
8.63	3.25219
8.632	3.26868
8.634	3.2851
8.636	3.30145
8.638	3.31773
8.64	3.33393
8.642	3.35006
8.644	3.36612
8.646	3.3821
8.648	3.398
8.65	3.41382
8.652	3.42956
8.654	3.44523
8.656	3.46081
8.658	3.47631
8.66	3.49172
8.662	3.50705
8.664	3.52229
8.666	3.53745
8.668	3.55251
8.67	3.56749
8.672	3.58238
8.674	3.59717
8.676	3.61187
8.678	3.62648
8.68	3.64099
8.682	3.65541
8.684	3.66973
8.686	3.68394
8.688	3.69806
8.69	3.71208
8.692	3.726
8.694	3.73981
8.696	3.75351
8.698	3.76712
8.7	3.78061
8.702	3.794
8.704	3.80727
8.706	3.82044
8.708	3.8335
8.71	3.84644
8.712	3.85927
8.714	3.87198
8.716	3.88458
8.718	3.89706
8.72	3.90942
8.722	3.92166
8.724	3.93378
8.726	3.94579
8.728	3.95766
8.73	3.96942
8.732	3.98104
8.734	3.99255
8.736	4.00392
8.738	4.01517
8.74	4.02628
8.742	4.03727
8.744	4.04813
8.746	4.05885
8.748	4.06944
8.75	4.07989
8.752	4.09021
8.754	4.10039
8.756	4.11043
8.758	4.12034
8.76	4.1301
8.762	4.13972
8.764	4.1492
8.766	4.15854
8.768	4.16774
8.77	4.17679
8.772	4.18569
8.774	4.19445
8.776	4.20306
8.778	4.21152
8.78	4.21983
8.782	4.22799
8.784	4.23601
8.786	4.24386
8.788	4.25157
8.79	4.25912
8.792	4.26652
8.794	4.27376
8.796	4.28085
8.798	4.28778
8.8	4.29455
8.802	4.30116
8.804	4.30762
8.806	4.31391
8.808	4.32004
8.81	4.32602
8.812	4.33183
8.814	4.33747
8.816	4.34296
8.818	4.34828
8.82	4.35343
8.822	4.35843
8.824	4.36325
8.826	4.36791
8.828	4.3724
8.83	4.37673
8.832	4.38089
8.834	4.38488
8.836	4.3887
8.838	4.39235
8.84	4.39583
8.842	4.39915
8.844	4.40229
8.846	4.40526
8.848	4.40806
8.85	4.41069
8.852	4.41315
8.854	4.41544
8.856	4.41755
8.858	4.41949
8.86	4.42126
8.862	4.42286
8.864	4.42428
8.866	4.42553
8.868	4.42661
8.87	4.42751
8.872	4.42824
8.874	4.4288
8.876	4.42918
8.878	4.42939
8.88	4.42942
8.882	4.42928
8.884	4.42897
8.886	4.42848
8.888	4.42782
8.89	4.42699
8.892	4.42598
8.894	4.4248
8.896	4.42344
8.898	4.42192
8.9	4.42021
8.902	4.41834
8.904	4.4163
8.906	4.41408
8.908	4.41169
8.91	4.40913
8.912	4.40639
8.914	4.40349
8.916	4.40041
8.918	4.39717
8.92	4.39375
8.922	4.39017
8.924	4.38641
8.926	4.38249
8.928	4.3784
8.93	4.37414
8.932	4.36971
8.934	4.36512
8.936	4.36036
8.938	4.35543
8.94	4.35034
8.942	4.34509
8.944	4.33967
8.946	4.33409
8.948	4.32834
8.95	4.32243
8.952	4.31636
8.954	4.31013
8.956	4.30374
8.958	4.29719
8.96	4.29048
8.962	4.28361
8.964	4.27659
8.966	4.26941
8.968	4.26207
8.97	4.25458
8.972	4.24694
8.974	4.23914
8.976	4.23119
8.978	4.22309
8.98	4.21484
8.982	4.20643
8.984	4.19788
8.986	4.18918
8.988	4.18034
8.99	4.17134
8.992	4.16221
8.994	4.15293
8.996	4.1435
8.998	4.13393
9	4.12423
9.002	4.11438
9.004	4.10439
9.006	4.09426
9.008	4.084
9.01	4.0736
9.012	4.06306
9.014	4.05239
9.016	4.04159
9.018	4.03066
9.02	4.01959
9.022	4.0084
9.024	3.99707
9.026	3.98562
9.028	3.97404
9.03	3.96234
9.032	3.95051
9.034	3.93856
9.036	3.92649
9.038	3.91429
9.04	3.90198
9.042	3.88954
9.044	3.87699
9.046	3.86432
9.048	3.85154
9.05	3.83864
9.052	3.82563
9.054	3.81251
9.056	3.79928
9.058	3.78593
9.06	3.77248
9.062	3.75892
9.064	3.74526
9.066	3.73149
9.068	3.71761
9.07	3.70364
9.072	3.68956
9.074	3.67538
9.076	3.6611
9.078	3.64672
9.08	3.63225
9.082	3.61768
9.084	3.60302
9.086	3.58826
9.088	3.57341
9.09	3.55847
9.092	3.54344
9.094	3.52831
9.096	3.51311
9.098	3.49781
9.1	3.48243
9.102	3.46697
9.104	3.45142
9.106	3.43579
9.108	3.42008
9.11	3.40428
9.112	3.38841
9.114	3.37246
9.116	3.35644
9.118	3.34034
9.12	3.32416
9.122	3.30791
9.124	3.29159
9.126	3.2752
9.128	3.25874
9.13	3.24221
9.132	3.22561
9.134	3.20894
9.136	3.19221
9.138	3.17541
9.14	3.15854
9.142	3.14162
9.144	3.12463
9.146	3.10758
9.148	3.09047
9.15	3.07331
9.152	3.05608
9.154	3.0388
9.156	3.02146
9.158	3.00407
9.16	2.98662
9.162	2.96912
9.164	2.95156
9.166	2.93396
9.168	2.9163
9.17	2.8986
9.172	2.88084
9.174	2.86304
9.176	2.84519
9.178	2.8273
9.18	2.80936
9.182	2.79137
9.184	2.77334
9.186	2.75527
9.188	2.73716
9.19	2.71901
9.192	2.70081
9.194	2.68258
9.196	2.66431
9.198	2.646
9.2	2.62765
9.202	2.60927
9.204	2.59085
9.206	2.5724
9.208	2.55391
9.21	2.53539
9.212	2.51684
9.214	2.49825
9.216	2.47963
9.218	2.46099
9.22	2.44231
9.222	2.42361
9.224	2.40487
9.226	2.38611
9.228	2.36732
9.23	2.3485
9.232	2.32966
9.234	2.3108
9.236	2.2919
9.238	2.27299
9.24	2.25405
9.242	2.23509
9.244	2.2161
9.246	2.1971
9.248	2.17807
9.25	2.15902
9.252	2.13995
9.254	2.12087
9.256	2.10176
9.258	2.08263
9.26	2.06349
9.262	2.04433
9.264	2.02515
9.266	2.00596
9.268	1.98675
9.27	1.96752
9.272	1.94828
9.274	1.92902
9.276	1.90975
9.278	1.89046
9.28	1.87117
9.282	1.85185
9.284	1.83253
9.286	1.81319
9.288	1.79385
9.29	1.77449
9.292	1.75511
9.294	1.73573
9.296	1.71634
9.298	1.69694
9.3	1.67753
9.302	1.6581
9.304	1.63867
9.306	1.61923
9.308	1.59978
9.31	1.58033
9.312	1.56086
9.314	1.54139
9.316	1.52191
9.318	1.50243
9.32	1.48293
9.322	1.46343
9.324	1.44393
9.326	1.42442
9.328	1.4049
9.33	1.38538
9.332	1.36585
9.334	1.34631
9.336	1.32677
9.338	1.30723
9.34	1.28768
9.342	1.26813
9.344	1.24858
9.346	1.22902
9.348	1.20945
9.35	1.18989
9.352	1.17032
9.354	1.15074
9.356	1.13116
9.358	1.11159
9.36	1.092
9.362	1.07242
9.364	1.05283
9.366	1.03324
9.368	1.01365
9.37	0.994054
9.372	0.974458
9.374	0.95486
9.376	0.935261
9.378	0.915659
9.38	0.896057
9.382	0.876452
9.384	0.856847
9.386	0.83724
9.388	0.817632
9.39	0.798023
9.392	0.778413
9.394	0.758802
9.396	0.73919
9.398	0.719577
9.4	0.699963
9.402	0.680349
9.404	0.660734
9.406	0.641119
9.408	0.621503
9.41	0.601886
9.412	0.58227
9.414	0.562652
9.416	0.543035
9.418	0.523417
9.42	0.503799
9.422	0.48418
9.424	0.464561
9.426	0.444942
9.428	0.425323
9.43	0.405704
9.432	0.386085
9.434	0.366465
9.436	0.346846
9.438	0.327226
9.44	0.307606
9.442	0.287986
9.444	0.268367
9.446	0.248747
9.448	0.229127
9.45	0.209507
9.452	0.189887
9.454	0.170267
9.456	0.150647
9.458	0.131027
9.46	0.111407
9.462	0.091787
9.464	0.072167
9.466	0.052547
9.468	0.032927
9.47	0.013307
9.472	-0.00631304
9.474	-0.025933
9.476	-0.045553
9.478	-0.065173
9.48	-0.084793
9.482	-0.104413
9.484	-0.124033
9.486	-0.143653
9.488	-0.163273
9.49	-0.182893
9.492	-0.202513
9.494	-0.222133
9.496	-0.241753
9.498	-0.261373
9.5	-0.280993
9.502	-0.300612
9.504	-0.320232
9.506	-0.339852
9.508	-0.359471
9.51	-0.379091
9.512	-0.39871
9.514	-0.41833
9.516	-0.437949
9.518	-0.457568
9.52	-0.477187
9.522	-0.496805
9.524	-0.516423
9.526	-0.536042
9.528	-0.555659
9.53	-0.575277
9.532	-0.594894
9.534	-0.61451
9.536	-0.634126
9.538	-0.653742
9.54	-0.673357
9.542	-0.692971
9.544	-0.712585
9.546	-0.732198
9.548	-0.751811
9.55	-0.771422
9.552	-0.791032
9.554	-0.810642
9.556	-0.83025
9.558	-0.849858
9.56	-0.869464
9.562	-0.889069
9.564	-0.908672
9.566	-0.928274
9.568	-0.947874
9.57	-0.967472
9.572	-0.987069
9.574	-1.00666
9.576	-1.02626
9.578	-1.04585
9.58	-1.06544
9.582	-1.08502
9.584	-1.1046
9.586	-1.12419
9.588	-1.14376
9.59	-1.16334
9.592	-1.18291
9.594	-1.20248
9.596	-1.22204
9.598	-1.2416
9.6	-1.26116
9.602	-1.28071
9.604	-1.30026
9.606	-1.31981
9.608	-1.33935
9.61	-1.35888
9.612	-1.37841
9.614	-1.39794
9.616	-1.41746
9.618	-1.43697
9.62	-1.45648
9.622	-1.47598
9.624	-1.49548
9.626	-1.51497
9.628	-1.53445
9.63	-1.55392
9.632	-1.57339
9.634	-1.59285
9.636	-1.6123
9.638	-1.63174
9.64	-1.65118
9.642	-1.6706
9.644	-1.69002
9.646	-1.70942
9.648	-1.72882
9.65	-1.74821
9.652	-1.76758
9.654	-1.78695
9.656	-1.8063
9.658	-1.82564
9.66	-1.84497
9.662	-1.86428
9.664	-1.88359
9.666	-1.90288
9.668	-1.92215
9.67	-1.94141
9.672	-1.96066
9.674	-1.97989
9.676	-1.99911
9.678	-2.01831
9.68	-2.03749
9.682	-2.05666
9.684	-2.07581
9.686	-2.09494
9.688	-2.11406
9.69	-2.13315
9.692	-2.15223
9.694	-2.17128
9.696	-2.19032
9.698	-2.20933
9.7	-2.22832
9.702	-2.24729
9.704	-2.26624
9.706	-2.28516
9.708	-2.30406
9.71	-2.32294
9.712	-2.34179
9.714	-2.36062
9.716	-2.37942
9.718	-2.39819
9.72	-2.41693
9.722	-2.43565
9.724	-2.45433
9.726	-2.47299
9.728	-2.49162
9.73	-2.51021
9.732	-2.52878
9.734	-2.54731
9.736	-2.56581
9.738	-2.58428
9.74	-2.60271
9.742	-2.6211
9.744	-2.63946
9.746	-2.65779
9.748	-2.67607
9.75	-2.69432
9.752	-2.71253
9.754	-2.73069
9.756	-2.74882
9.758	-2.76691
9.76	-2.78495
9.762	-2.80295
9.764	-2.82091
9.766	-2.83882
9.768	-2.85668
9.77	-2.8745
9.772	-2.89227
9.774	-2.91
9.776	-2.92767
9.778	-2.94529
9.78	-2.96286
9.782	-2.98038
9.784	-2.99785
9.786	-3.01527
9.788	-3.03262
9.79	-3.04993
9.792	-3.06717
9.794	-3.08436
9.796	-3.10149
9.798	-3.11856
9.8	-3.13557
9.802	-3.15252
9.804	-3.1694
9.806	-3.18622
9.808	-3.20298
9.81	-3.21967
9.812	-3.2363
9.814	-3.25285
9.816	-3.26934
9.818	-3.28576
9.82	-3.3021
9.822	-3.31838
9.824	-3.33458
9.826	-3.35071
9.828	-3.36676
9.83	-3.38274
9.832	-3.39864
9.834	-3.41446
9.836	-3.4302
9.838	-3.44586
9.84	-3.46143
9.842	-3.47693
9.844	-3.49234
9.846	-3.50766
9.848	-3.5229
9.85	-3.53806
9.852	-3.55312
9.854	-3.56809
9.856	-3.58297
9.858	-3.59777
9.86	-3.61246
9.862	-3.62707
9.864	-3.64157
9.866	-3.65599
9.868	-3.6703
9.87	-3.68451
9.872	-3.69863
9.874	-3.71264
9.876	-3.72655
9.878	-3.74036
9.88	-3.75406
9.882	-3.76766
9.884	-3.78115
9.886	-3.79453
9.888	-3.8078
9.89	-3.82097
9.892	-3.83402
9.894	-3.84696
9.896	-3.85978
9.898	-3.87249
9.9	-3.88508
9.902	-3.89756
9.904	-3.90992
9.906	-3.92215
9.908	-3.93427
9.91	-3.94627
9.912	-3.95814
9.914	-3.96989
9.916	-3.98151
9.918	-3.99301
9.92	-4.00438
9.922	-4.01562
9.924	-4.02673
9.926	-4.03771
9.928	-4.04856
9.93	-4.05928
9.932	-4.06986
9.934	-4.08031
9.936	-4.09062
9.938	-4.10079
9.94	-4.11083
9.942	-4.12073
9.944	-4.13049
9.946	-4.14011
9.948	-4.14958
9.95	-4.15892
9.952	-4.1681
9.954	-4.17715
9.956	-4.18605
9.958	-4.1948
9.96	-4.2034
9.962	-4.21186
9.964	-4.22016
9.966	-4.22832
9.968	-4.23632
9.97	-4.24418
9.972	-4.25188
9.974	-4.25942
9.976	-4.26681
9.978	-4.27405
9.98	-4.28113
9.982	-4.28805
9.984	-4.29482
9.986	-4.30142
9.988	-4.30787
9.99	-4.31416
9.992	-4.32029
9.994	-4.32625
9.996	-4.33206
9.998	-4.3377
10	-4.34317
