0	0	9.81	9.81
0.024	0.0277159	9.78228	9.81
0.048	0.11086	9.69914	9.81
0.072	0.249406	9.56058	9.80999
0.096	0.443256	9.36672	9.80997
0.12	0.692163	9.11778	9.80994
0.144	0.995619	8.81426	9.80988
0.168	1.35272	8.45706	9.80978
0.192	1.76198	8.04765	9.80963
0.216	2.22117	7.58824	9.80941
0.24	2.7271	7.082	9.80911
0.264	3.27542	6.53329	9.80871
0.288	3.8604	5.94781	9.80821
0.312	4.4748	5.33279	9.80759
0.336	5.10977	4.6971	9.80686
0.36	5.75476	4.05126	9.80602
0.384	6.39769	3.40739	9.80508
0.408	7.02505	2.77902	9.80407
0.432	7.62233	2.18068	9.80301
0.456	8.17446	1.6275	9.80196
0.48	8.66641	1.13455	9.80097
0.504	9.08394	0.716135	9.80007
0.528	9.41428	0.385055	9.79934
0.552	9.64694	0.151861	9.7988
0.576	9.77429	0.0242093	9.7985
0.6	9.79209	0.00637133	9.79846
0.624	9.69973	0.0989477	9.79868
0.648	9.50031	0.29883	9.79914
0.672	9.20041	0.599409	9.79982
0.696	8.80966	0.990999	9.80066
0.72	8.34018	1.46145	9.80163
0.744	7.80582	1.99685	9.80267
0.768	7.22142	2.58231	9.80373
0.792	6.60212	3.20264	9.80476
0.816	5.96268	3.84304	9.80573
0.84	5.31696	4.48964	9.8066
0.864	4.67754	5.12983	9.80737
0.888	4.05546	5.75256	9.80802
0.912	3.46014	6.34842	9.80856
0.936	2.89932	6.90967	9.80899
0.96	2.3792	7.43012	9.80932
0.984	1.90455	7.90501	9.80956
1.008	1.47892	8.33081	9.80974
1.032	1.10483	8.70502	9.80985
1.056	0.783978	9.02595	9.80992
1.08	0.51743	9.29253	9.80997
1.104	0.30581	9.50418	9.80999
1.128	0.149436	9.66056	9.80999
1.152	0.0484438	9.76155	9.81
1.176	0.00287504	9.80712	9.81
1.2	0.0127378	9.79726	9.81
1.224	0.078031	9.73197	9.81
1.248	0.198739	9.61125	9.80999
1.272	0.374795	9.43519	9.80998
1.296	0.60601	9.20394	9.80995
1.32	0.891974	8.91793	9.8099
1.344	1.23192	8.57789	9.80982
1.368	1.62459	8.18509	9.80968
1.392	2.068	7.74149	9.80948
1.416	2.55929	7.24992	9.80921
1.44	3.09451	6.71434	9.80885
1.464	3.6684	6.13999	9.80838
1.488	4.27421	5.53359	9.8078
1.512	4.90363	4.90349	9.80711
1.536	5.54664	4.25966	9.8063
1.56	6.19164	3.61375	9.80539
1.584	6.82556	2.97884	9.8044
1.608	7.43416	2.36919	9.80335
1.632	8.00249	1.79981	9.8023
1.656	8.51543	1.28585	9.80128
1.68	8.95841	0.841939	9.80035
1.704	9.3181	0.481456	9.79955
1.728	9.5832	0.215748	9.79895
1.752	9.74511	0.0534672	9.79857
1.776	9.79843	1.58209e-05	9.79845
1.8	9.74139	0.0571932	9.79858
1.824	9.57589	0.223075	9.79897
1.848	9.30744	0.492142	9.79958
1.872	8.94473	0.855642	9.80038
1.896	8.49917	1.30214	9.80131
1.92	7.98411	1.81822	9.80233
1.944	7.41418	2.38921	9.80339
1.968	6.80448	2.99995	9.80443
1.992	6.16996	3.63546	9.80542
2.016	5.52482	4.28151	9.80633
2.04	4.88208	4.92505	9.80714
2.064	4.25331	5.55451	9.80783
2.088	3.64845	6.15995	9.8084
2.112	3.07577	6.73309	9.80886
2.136	2.54195	7.26727	9.80922
2.16	2.05222	7.75727	9.80949
2.184	1.61048	8.1992	9.80969
2.208	1.21957	8.59025	9.80982
2.232	0.881429	8.92848	9.8099
2.256	0.597304	9.21265	9.80995
2.28	0.367947	9.44203	9.80998
2.304	0.193758	9.61623	9.80999
2.328	0.0749212	9.73507	9.81
2.352	0.0115001	9.7985	9.81
2.376	0.00350967	9.80649	9.81
2.4	0.0509507	9.75905	9.81
2.424	0.153815	9.65618	9.80999
2.448	0.312058	9.49793	9.80999
2.472	0.525539	9.28442	9.80996
2.496	0.793933	9.01599	9.80992
2.52	1.11661	8.69324	9.80985
2.544	1.49247	8.31726	9.80973
2.568	1.9198	7.88975	9.80956
2.592	2.39605	7.41326	9.80931
2.616	2.91763	6.89135	9.80898
2.64	3.47972	6.32882	9.80854
2.664	4.07608	5.73192	9.808
2.688	4.69891	5.10844	9.80735
2.712	5.33873	4.46784	9.80657
2.736	5.98446	3.82124	9.8057
2.76	6.62345	3.18127	9.80473
2.784	7.24182	2.56188	9.80369
2.808	7.82477	1.97787	9.80264
2.832	8.35718	1.44442	9.8016
2.856	8.82422	0.976412	9.80063
2.88	9.21208	0.587709	9.79979
2.904	9.50873	0.29039	9.79912
2.928	9.70463	0.0940423	9.79867
2.952	9.79329	0.00516516	9.79846
2.976	9.77177	0.0267431	9.79851
3	9.64077	0.158049	9.79882
3.024	9.40467	0.394692	9.79936
3.048	9.07119	0.728909	9.8001
3.072	8.65094	1.15006	9.801
3.096	8.15671	1.64529	9.802
3.12	7.60281	2.20024	9.80305
3.144	7.00427	2.79983	9.8041
3.168	6.37615	3.42897	9.80511
3.192	5.73294	4.07311	9.80605
3.216	5.08809	4.7188	9.80689
3.24	4.45366	5.35396	9.80762
3.264	3.84011	5.96812	9.80823
3.288	3.25626	6.55246	9.80873
3.312	2.70929	7.09982	9.80912
3.336	2.20488	7.60454	9.80941
3.36	1.74732	8.06231	9.80963
3.384	1.33979	8.46999	9.80978
3.408	0.984488	8.82539	9.80988
3.432	0.682862	9.12708	9.80994
3.456	0.435808	9.37417	9.80997
3.48	0.243823	9.56617	9.80999
3.504	0.107147	9.70285	9.81
3.528	0.0258752	9.78412	9.81
3.552	3.16194e-05	9.80997	9.81
3.576	0.0296198	9.78038	9.81
3.6	0.114636	9.69536	9.81
3.624	0.255052	9.55494	9.80999
3.648	0.450767	9.35921	9.80997
3.672	0.701527	9.10841	9.80994
3.696	1.00681	8.80306	9.80988
3.72	1.3657	8.44408	9.80977
3.744	1.77669	8.03293	9.80962
3.768	2.23752	7.57188	9.8094
3.792	2.74496	7.06414	9.80909
3.816	3.29461	6.51408	9.8087
3.84	3.88071	5.92748	9.80819
3.864	4.49597	5.3116	9.80757
3.888	5.13145	4.67538	9.80684
3.912	5.77658	4.0294	9.80599
3.936	6.41921	3.38584	9.80505
3.96	7.0458	2.75823	9.80403
3.984	7.6418	2.16117	9.80298
4.008	8.19214	1.60979	9.80193
4.032	8.68181	1.11913	9.80093
4.056	9.09658	0.703461	9.80005
4.08	9.42379	0.375529	9.79931
4.104	9.653	0.145793	9.79879
4.128	9.7767	0.0218012	9.7985
4.152	9.79076	0.00770383	9.79847
4.176	9.69472	0.103976	9.79869
4.2	9.49177	0.307386	9.79916
4.224	9.18863	0.611212	9.79984
4.248	8.79502	1.00568	9.8007
4.272	8.32311	1.47856	9.80167
4.296	7.78681	2.0159	9.80271
4.32	7.20099	2.60277	9.80377
4.344	6.58077	3.22402	9.80479
4.368	5.9409	3.86486	9.80576
4.392	5.29519	4.51144	9.80663
4.416	4.65618	5.15121	9.80739
4.44	4.03487	5.77318	9.80804
4.464	3.44059	6.36799	9.80858
4.488	2.88106	6.92795	9.809
4.512	2.3624	7.44693	9.80933
4.536	1.88936	7.92021	9.80957
4.56	1.46544	8.3443	9.80974
4.584	1.09312	8.71673	9.80985
4.608	0.774084	9.03584	9.80993
4.632	0.509384	9.30058	9.80997
4.656	0.299626	9.51036	9.80999
4.68	0.145121	9.66487	9.80999
4.704	0.0460002	9.764	9.81
4.728	0.00230364	9.80769	9.81
4.752	0.0140387	9.79596	9.81
4.776	0.081204	9.72879	9.81
4.8	0.203783	9.60621	9.80999
4.824	0.381706	9.42827	9.80998
4.848	0.614779	9.19517	9.80995
4.872	0.902581	8.90732	9.8099
4.896	1.24434	8.56548	9.80981
4.92	1.63875	8.17093	9.80968
4.944	2.08383	7.72565	9.80948
4.968	2.57668	7.23252	9.8092
4.992	3.1133	6.69554	9.80883
5.016	3.68838	6.11999	9.80836
5.04	4.29514	5.51264	9.80778
5.064	4.92518	4.8819	9.80708
5.088	5.56846	4.23781	9.80627
5.112	6.21331	3.59205	9.80536
5.136	6.84661	2.95775	9.80436
5.16	7.4541	2.34922	9.80332
5.184	8.0208	1.78146	9.80226
5.208	8.53162	1.26963	9.80124
5.232	8.97198	0.828332	9.80032
5.256	9.32865	0.470878	9.79953
5.28	9.59039	0.208539	9.79893
5.304	9.7487	0.0498656	9.79856
5.328	9.79831	0.000142387	9.79845
5.352	9.73755	0.0610437	9.79859
5.376	9.56846	0.23052	9.79898
5.4	9.29667	0.502937	9.7996
5.424	8.93097	0.869439	9.8004
5.448	8.48283	1.31852	9.80134
5.472	7.96567	1.83669	9.80237
5.496	7.39415	2.40928	9.80343
5.52	6.78337	3.0211	9.80447
5.544	6.14827	3.65719	9.80546
5.568	5.503	4.30336	9.80636
5.592	4.86056	4.9466	9.80716
5.616	4.23244	5.5754	9.80785
5.64	3.62854	6.17988	9.80842
5.664	3.05707	6.75181	9.80888
5.688	2.52467	7.28456	9.80923
5.712	2.0365	7.773	9.8095
5.736	1.59644	8.21325	9.80969
5.76	1.20728	8.60254	9.80982
5.784	0.870946	8.93896	9.80991
5.808	0.588661	9.2213	9.80996
5.832	0.361162	9.44882	9.80998
5.856	0.188841	9.62115	9.80999
5.88	0.0718747	9.73812	9.81
5.904	0.0103257	9.79967	9.81
5.928	0.00420754	9.80579	9.81
5.952	0.0535208	9.75648	9.81
5.976	0.158257	9.65174	9.80999
6	0.318368	9.49162	9.80998
6.024	0.533711	9.27625	9.80996
6.048	0.803951	9.00597	9.80992
6.072	1.12844	8.6814	9.80984
6.096	1.50608	8.30365	9.80973
6.12	1.93511	7.87444	9.80955
6.144	2.41295	7.39635	9.8093
6.168	2.93598	6.87298	9.80896
6.192	3.49934	6.30918	9.80853
6.216	4.09674	5.71125	9.80798
6.24	4.7203	5.08702	9.80732
6.264	5.36051	4.44603	9.80655
6.288	6.00623	3.79944	9.80566
6.312	6.64476	3.15994	9.80469
6.336	7.26217	2.54149	9.80366
6.36	7.84366	1.95894	9.8026
6.384	8.3741	1.42746	9.80157
6.408	8.83869	0.961915	9.8006
6.432	9.22365	0.576114	9.79976
6.456	9.51704	0.282064	9.7991
6.48	9.7094	0.0892598	9.79866
6.504	9.79437	0.00408535	9.79846
6.528	9.76911	0.0294023	9.79852
6.552	9.63447	0.164358	9.79883
6.576	9.39494	0.404441	9.79938
6.6	9.05835	0.741783	9.80013
6.624	8.63537	1.16566	9.80103
6.648	8.13889	1.66314	9.80203
6.672	7.58324	2.21985	9.80308
6.696	6.98345	2.82069	9.80414
6.72	6.35459	3.45056	9.80515
6.744	5.71111	4.09497	9.80608
6.768	5.06643	4.74049	9.80692
6.792	4.43254	5.3751	9.80764
6.816	3.81986	5.98838	9.80825
6.84	3.23715	6.57159	9.80874
6.864	2.69153	7.11759	9.80913
6.888	2.18864	7.62079	9.80942
6.912	1.73273	8.07691	9.80964
6.936	1.32693	8.48286	9.80979
6.96	0.973418	8.83647	9.80988
6.984	0.673623	9.13632	9.80994
7.008	0.428423	9.38155	9.80998
7.032	0.238303	9.57169	9.80999
7.056	0.103498	9.7065	9.81
7.08	0.0240978	9.7859	9.81
7.104	0.000126478	9.80987	9.81
7.128	0.0315869	9.77841	9.81
7.152	0.118475	9.69152	9.81
7.176	0.260761	9.54923	9.80999
7.2	0.45834	9.35163	9.80997
7.224	0.710952	9.09898	9.80994
7.248	1.01807	8.79181	9.80987
7.272	1.37874	8.43103	9.80977
7.296	1.79145	8.01816	9.80961
7.32	2.25392	7.55547	9.80939
7.344	2.76286	7.04622	9.80908
7.368	3.31385	6.49483	9.80868
7.392	3.90106	5.90711	9.80817
7.416	4.51716	5.29039	9.80755
7.44	5.15315	4.65366	9.80681
7.464	5.7984	4.00756	9.80596
7.488	6.44071	3.3643	9.80501
7.512	7.06651	2.73748	9.804
7.536	7.66122	2.14172	9.80294
7.56	8.20975	1.59214	9.80189
7.584	8.69712	1.10378	9.8009
7.608	9.10913	0.690888	9.80002
7.632	9.43318	0.366116	9.79929
7.656	9.65893	0.139846	9.79877
7.68	9.77897	0.0195188	9.79849
7.704	9.78931	0.00916259	9.79847
7.728	9.68958	0.109127	9.7987
7.752	9.48312	0.316057	9.79918
7.776	9.17675	0.62312	9.79987
7.8	8.78028	1.02044	9.80073
7.824	8.30597	1.49573	9.8017
7.848	7.76775	2.035	9.80274
7.872	7.18052	2.62328	9.8038
7.896	6.5594	3.24543	9.80483
7.92	5.91911	3.88668	9.80579
7.944	5.27343	4.53322	9.80666
7.968	4.63485	5.17257	9.80742
7.992	4.01431	5.79376	9.80806
8.016	3.42109	6.38751	9.80859
8.04	2.86284	6.94617	9.80901
8.064	2.34566	7.46368	9.80934
8.088	1.87422	7.93535	9.80958
8.112	1.45201	8.35774	9.80974
8.136	1.08147	8.72839	9.80986
8.16	0.764252	9.04567	9.80993
8.184	0.5014	9.30857	9.80997
8.208	0.293505	9.51648	9.80999
8.232	0.140869	9.66913	9.80999
8.256	0.0436198	9.76638	9.81
8.28	0.00179548	9.8082	9.81
8.304	0.0154028	9.79459	9.81
8.328	0.0844402	9.72556	9.81
8.352	0.20889	9.6011	9.80999
8.376	0.38868	9.4213	9.80998
8.4	0.62361	9.18634	9.80995
8.424	0.91325	8.89665	9.8099
8.448	1.25681	8.553	9.80981
8.472	1.65297	8.1567	9.80967
8.496	2.09972	7.70975	9.80947
8.52	2.59411	7.21508	9.80919
8.544	3.13213	6.67669	9.80882
8.568	3.7084	6.09995	9.80835
8.592	4.31609	5.49167	9.80776
8.616	4.94676	4.8603	9.80706
8.64	5.59029	4.21596	9.80624
8.664	6.23497	3.57036	9.80533
8.688	6.86764	2.93669	9.80433
8.712	7.47399	2.32929	9.80328
8.736	8.03905	1.76317	9.80223
8.76	8.54772	1.25349	9.80121
8.784	8.98547	0.81482	9.80029
8.808	9.3391	0.460409	9.79951
8.832	9.59747	0.201449	9.79892
8.856	9.75217	0.0463886	9.79856
8.88	9.79805	0.000395514	9.79845
8.904	9.73358	0.0650184	9.7986
8.928	9.56092	0.238083	9.799
8.952	9.28579	0.513838	9.79963
8.976	8.9171	0.883331	9.80043
9	8.46641	1.33497	9.80138
9.024	7.94717	1.85523	9.8024
9.048	7.37407	2.42939	9.80346
9.072	6.76223	3.04227	9.8045
9.096	6.12656	3.67893	9.80549
9.12	5.48119	4.3252	9.80639
9.144	4.83905	4.96814	9.80719
9.168	4.2116	5.59627	9.80787
9.192	3.60867	6.19977	9.80843
9.216	3.03842	6.77047	9.80889
9.24	2.50743	7.30181	9.80924
9.264	2.02083	7.78868	9.80951
9.288	1.58245	8.22725	9.8097
9.312	1.19505	8.61477	9.80983
9.336	0.860524	8.94938	9.80991
9.36	0.58008	9.22988	9.80996
9.384	0.35444	9.45554	9.80998
9.408	0.183986	9.62601	9.80999
9.432	0.0688913	9.7411	9.81
9.456	0.00921455	9.80078	9.81
9.48	0.00496866	9.80503	9.81
9.504	0.0561541	9.75384	9.81
9.528	0.162761	9.64723	9.80999
9.552	0.324742	9.48524	9.80998
9.576	0.541946	9.26802	9.80996
9.6	0.814031	8.99589	9.80992
9.624	1.14034	8.6695	9.80984
9.648	1.51974	8.28998	9.80972
9.672	1.95047	7.85908	9.80954
9.696	2.4299	7.37939	9.80929
9.72	2.95438	6.85457	9.80895
9.744	3.51901	6.28951	9.80851
9.768	4.11742	5.69054	9.80796
9.792	4.74171	5.06559	9.8073
9.816	5.3823	4.42422	9.80652
9.84	6.02798	3.77765	9.80563
9.864	6.66604	3.13862	9.80466
9.888	7.28248	2.52114	9.80362
9.912	7.8625	1.94007	9.80257
9.936	8.39095	1.41058	9.80153
9.96	8.85306	0.94751	9.80057
9.984	9.23512	0.564624	9.79974
10.008	9.52523	0.273855	9.79908
10.032	9.71405	0.0846005	9.79865
10.056	9.79532	0.00313195	9.79845
10.08	9.76634	0.032187	9.79852
10.104	9.62806	0.170787	9.79885
10.128	9.3851	0.414301	9.7994
10.152	9.0454	0.754755	9.80016
10.176	8.61973	1.18134	9.80106
10.2	8.12101	1.68106	9.80207
10.224	7.56361	2.23951	9.80312
10.248	6.9626	2.84157	9.80417
10.272	6.33301	3.47217	9.80518
10.296	5.68929	4.11682	9.80611
10.32	5.04478	4.76216	9.80694
10.344	4.41145	5.39621	9.80766
10.368	3.79965	6.00862	9.80826
10.392	3.21808	6.59068	9.80875
10.416	2.67382	7.13532	9.80914
10.44	2.17245	7.63698	9.80943
10.464	1.71819	8.09145	9.80964
10.488	1.31413	8.49566	9.80979
10.512	0.962409	8.84748	9.80989
10.536	0.664447	9.1455	9.80994
10.56	0.421101	9.38887	9.80998
10.584	0.232847	9.57714	9.80999
10.608	0.0999118	9.71008	9.81
10.632	0.0223836	9.78761	9.81
10.656	0.000284575	9.80971	9.81
10.68	0.0336172	9.77638	9.81
10.704	0.122377	9.68762	9.81
10.728	0.266533	9.54346	9.80999
10.752	0.465977	9.34399	9.80997
10.776	0.72044	9.0895	9.80993
10.8	1.02938	8.78049	9.80987
10.824	1.39184	8.41792	9.80977
10.848	1.80628	8.00333	9.80961
10.872	2.27037	7.53901	9.80938
10.896	2.78082	7.02825	9.80907
10.92	3.33313	6.47553	9.80866
10.944	3.92145	5.8867	9.80815
10.968	4.53837	5.26916	9.80752
10.992	5.17486	4.63193	9.80678
11.016	5.82022	3.98571	9.80593
11.04	6.4622	3.34278	9.80498
11.064	7.08719	2.71677	9.80396
11.088	7.68059	2.12232	9.80291
11.112	8.2273	1.57456	9.80186
11.136	8.71234	1.08853	9.80087
11.16	9.12158	0.678414	9.79999
11.184	9.44246	0.356816	9.79927
11.208	9.66474	0.134021	9.79876
11.232	9.78113	0.0173623	9.79849
11.256	9.78772	0.0107476	9.79847
11.28	9.68432	0.1144	9.79872
11.304	9.47436	0.324842	9.7992
11.328	9.16476	0.63513	9.7999
11.352	8.76546	1.0353	9.80076
11.376	8.28875	1.51299	9.80174
11.4	7.74863	2.05415	9.80278
11.424	7.16001	2.64383	9.80384
11.448	6.53801	3.26685	9.80486
11.472	5.89732	3.9085	9.80582
11.496	5.25168	4.555	9.80669
11.52	4.61354	5.1939	9.80744
11.544	3.99378	5.81431	9.80808
11.568	3.40162	6.40699	9.80861
11.592	2.84467	6.96435	9.80903
11.616	2.32896	7.48038	9.80935
11.64	1.85914	7.95044	9.80958
11.664	1.43864	8.37111	9.80975
11.688	1.06987	8.73999	9.80986
11.712	0.754483	9.05545	9.80993
11.736	0.493479	9.31649	9.80997
11.76	0.287446	9.52254	9.80999
11.784	0.13668	9.67331	9.80999
11.808	0.0413026	9.76869	9.81
11.832	0.00135056	9.80865	9.81
11.856	0.0168301	9.79317	9.81
11.88	0.0877397	9.72226	9.81
11.904	0.214061	9.59593	9.80999
11.928	0.395717	9.41426	9.80998
11.952	0.632503	9.17745	9.80995
11.976	0.92398	8.88592	9.80989
12	1.26934	8.54046	9.8098
